	MA_SCP_Best	MA_SCP_Avg	MA_iSCP_Best	MA_iSCP_Avg	MA_SCP+_Best	MA_SCP+_Avg	MA_CB_Best	MA_CB_Avg	MA_ICP_Best	MA_ICP_Avg	MA_HYB_Best	MA_HYB_Avg	CPO_Best	CPO_Avg
i120_3_1	848	860.50	848	856.33	848	855.93	848	854.30	848	857.40	848	848.00	951	951.00
i120_3_2	3570	3581.43	3570	3580.33	3569	3577.17	3569	3574.73	3570	3597.87	3568	3568.97	3834	3834.00
i120_3_3	2410	2410.70	2410	2411.10	2410	2410.50	2410	2410.20	2410	2410.13	2410	2410.00	2410	2410.00
i120_3_4	1019	1029.60	1019	1019.00	1019	1019.00	1019	1019.00	1023	1064.60	1019	1019.00	1059	1061.67
i120_3_5	3858	3874.80	3858	3870.97	3858	3870.13	3858	3863.97	3880	3888.13	3858	3862.53	3951	3951.00
i120_3_6	3120	3124.87	3120	3121.83	3120	3121.60	3120	3121.30	3120	3148.63	3120	3120.00	3258	3258.00
i120_3_7	720	725.47	720	720.50	720	720.13	720	720.00	721	781.00	720	720.00	730	730.00
i120_3_8	4084	4091.87	4084	4084.00	4084	4084.00	4084	4084.00	4084	4091.57	4084	4084.00	4095	4095.00
i120_3_9	1663	1665.07	1663	1663.00	1663	1663.00	1663	1663.00	1663	1663.00	1663	1663.00	1690	1690.70
i120_3_10	1268	1271.60	1268	1268.03	1268	1268.03	1268	1268.00	1268	1334.00	1268	1268.00	1326	1326.00
i120_5_1	1030	1036.20	1030	1030.00	1030	1030.00	1030	1030.00	1030	1040.23	1030	1030.00	1054	1054.00
i120_5_2	1511	1522.70	1511	1518.93	1511	1518.93	1511	1516.27	1511	1537.43	1511	1511.03	1673	1673.00
i120_5_3	959	963.20	959	959.00	959	959.00	959	959.00	959	964.20	959	959.00	999	999.00
i120_5_4	496	496.00	496	496.00	496	496.00	496	496.00	496	496.00	496	496.00	496	496.00
i120_5_5	3061	3063.50	3061	3061.10	3061	3061.03	3061	3061.00	3061	3063.60	3061	3061.00	3128	3128.00
i120_5_6	455	469.47	455	455.00	455	455.00	455	455.00	455	455.87	455	455.00	458	458.00
i120_5_7	519	529.87	519	519.00	519	519.00	519	519.00	519	552.63	519	519.00	550	550.00
i120_5_8	1214	1217.13	1214	1214.00	1214	1214.00	1214	1214.03	1214	1214.40	1214	1214.00	1227	1227.00
i120_5_9	3249	3278.00	3245	3277.20	3245	3271.93	3238	3262.13	3223	3250.83	3223	3231.73	3486	3486.00
i120_5_10	1131	1138.33	1131	1138.37	1131	1138.13	1131	1135.50	1131	1131.40	1131	1131.00	1245	1245.00
i120_7_1	1142	1176.73	1120	1125.27	1120	1124.87	1120	1124.47	1121	1149.37	1120	1121.13	1201	1201.00
i120_7_2	2725	2729.13	2725	2727.00	2725	2727.23	2725	2725.53	2725	2725.80	2725	2725.27	2768	2768.00
i120_7_3	3527	3602.37	3501	3522.47	3502	3522.87	3506	3518.53	3495	3514.50	3493	3497.07	3798	3798.00
i120_7_4	4029	4046.43	4031	4048.27	4030	4047.10	4030	4043.00	4024	4039.70	4021	4025.43	4206	4206.00
i120_7_5	3065	3080.73	3063	3076.43	3066	3075.77	3062	3070.37	3063	3092.00	3059	3063.80	3220	3220.00
i120_7_6	2642	2661.70	2640	2647.77	2640	2650.33	2640	2644.70	2643	2652.97	2640	2642.37	2786	2786.00
i120_7_7	1655	1658.57	1655	1661.03	1655	1658.33	1655	1657.10	1655	1657.27	1655	1655.03	1712	1712.00
i120_7_8	3225	3252.70	3225	3225.80	3225	3225.53	3225	3225.00	3225	3248.73	3225	3225.00	3306	3306.00
i120_7_9	4476	4512.17	4478	4501.47	4477	4488.10	4470	4479.67	4474	4479.03	4470	4472.60	4694	4694.13
i120_7_10	493	505.10	493	497.00	493	495.87	493	495.77	493	498.67	493	493.43	546	546.00
i120_10_1	752	758.53	750	758.17	750	759.23	747	754.83	746	750.80	746	747.97	764	764.00
i120_10_2	1137	1163.00	1127	1137.23	1125	1139.20	1125	1135.30	1127	1157.30	1124	1127.37	1212	1212.00
i120_10_3	1477	1499.20	1458	1481.13	1463	1491.77	1449	1460.57	1460	1471.97	1442	1448.93	1554	1554.00
i120_10_4	890	915.23	887	890.23	887	889.03	887	887.00	887	913.27	887	887.00	935	952.73
i120_10_5	1449	1470.80	1449	1456.00	1449	1458.37	1447	1454.90	1447	1459.83	1447	1449.90	1612	1612.27
i120_10_6	1118	1119.33	1118	1118.27	1118	1118.53	1118	1118.10	1118	1118.00	1118	1118.00	1157	1157.00
i120_10_7	2463	2469.43	2463	2470.57	2463	2470.83	2463	2468.43	2463	2465.10	2463	2463.57	2530	2530.00
i120_10_8	721	725.87	721	721.00	721	721.00	721	721.03	721	721.00	721	721.00	777	777.00
i120_10_9	993	1020.00	986	1017.50	988	1012.97	985	1000.30	978	986.73	977	981.63	1056	1056.00
i120_10_10	820	822.33	820	822.47	820	822.17	820	821.37	820	820.03	820	820.00	881	881.00
i250_10_1	4128	4167.70	4117	4152.10	4128	4161.17	4104	4123.80	4105	4142.03	4094	4101.80	4311	4311.00
i250_10_2	506	529.70	506	506.00	506	506.00	506	506.00	506	506.00	506	506.00	552	552.50
i250_10_3	1428	1566.30	1349	1349.13	1349	1349.33	1349	1349.00	1428	1468.53	1349	1349.00	1480	1480.00
i250_10_4	4748	4799.67	4731	4746.33	4731	4743.27	4731	4740.80	4748	4748.00	4731	4731.10	4871	4871.00
i250_10_5	6454	6562.57	6420	6471.07	6440	6505.70	6407	6453.47	6519	6593.77	6390	6402.93	6921	6921.00
i250_10_6	6434	6553.83	6280	6290.33	6280	6289.00	6280	6287.17	6285	6364.93	6280	6280.00	6563	6563.00
i250_10_7	4599	4666.40	4518	4557.53	4516	4562.63	4509	4532.27	4557	4682.17	4497	4505.80	4857	4883.67
i250_10_8	5915	5941.57	5910	5936.60	5920	5940.47	5903	5918.87	5899	5912.73	5881	5898.07	6108	6111.23
i250_10_9	5345	5358.30	5337	5355.53	5346	5368.27	5332	5344.17	5323	5328.97	5321	5323.50	5453	5453.00
i250_10_10	1304	1348.20	1298	1342.13	1302	1351.77	1295	1314.27	1296	1311.27	1293	1296.30	1405	1405.00
i250_20_1	5592	5660.27	5573	5603.33	5575	5603.57	5573	5584.43	5573	5578.90	5573	5573.00	5905	5907.07
i250_20_2	1897	1932.67	1895	1930.13	1905	1932.40	1892	1907.50	1885	1899.17	1882	1885.10	1974	1974.40
i250_20_3	2828	2887.77	2813	2826.83	2813	2824.87	2813	2816.23	2813	2816.03	2813	2813.00	2971	2971.00
i250_20_4	2567	2615.17	2525	2549.67	2525	2545.67	2525	2535.73	2525	2530.00	2525	2525.00	2774	2774.00
i250_20_5	1090	1136.70	1057	1086.83	1062	1086.23	1054	1064.97	1065	1077.77	1054	1054.13	1343	1343.00
i250_20_6	1644	1671.87	1614	1641.73	1626	1654.33	1598	1614.77	1642	1669.00	1583	1598.13	1786	1786.00
i250_20_7	1597	1648.97	1603	1649.23	1608	1663.30	1577	1600.27	1565	1570.47	1565	1568.93	1644	1644.00
i250_20_8	2216	2270.67	2190	2211.67	2190	2207.83	2190	2191.43	2193	2209.90	2190	2190.00	2408	2408.00
i250_20_9	1586	1617.53	1553	1565.60	1553	1568.23	1553	1553.87	1553	1575.00	1553	1553.00	1730	1730.00
i250_20_10	6562	6593.87	6568	6590.17	6571	6590.80	6546	6560.87	6532	6534.57	6531	6533.07	6632	6632.00
i250_30_1	3067	3167.07	3058	3117.03	3029	3123.67	3032	3066.23	3013	3018.93	3013	3013.07	3381	3381.00
i250_30_2	3111	3163.23	3073	3129.17	3092	3133.13	3066	3088.33	3060	3070.07	3054	3054.00	3348	3348.00
i250_30_3	4894	4979.53	4843	4921.50	4853	4949.27	4801	4843.03	4825	4887.93	4758	4783.33	5273	5273.00
i250_30_4	4166	4269.23	4194	4262.77	4146	4253.83	4068	4131.10	4210	4276.60	4098	4124.30	5099	5099.00
i250_30_5	4297	4399.93	4278	4370.50	4341	4393.80	4213	4272.00	4345	4399.43	4197	4236.73	4560	4560.00
i250_30_6	5095	5135.17	5092	5129.97	5093	5134.63	5035	5061.80	5108	5154.03	5034	5057.27	5333	5333.00
i250_30_7	3667	3764.20	3669	3728.20	3657	3720.37	3648	3675.20	3641	3643.80	3641	3641.00	3990	3990.00
i250_30_8	703	749.30	704	722.30	704	720.00	686	698.43	686	686.00	686	686.00	803	803.00
i250_30_9	1534	1587.17	1515	1557.03	1518	1554.33	1506	1528.10	1502	1509.40	1502	1502.00	1808	1808.00
i250_30_10	5301	5390.80	5237	5322.07	5285	5359.03	5227	5273.20	5246	5309.03	5197	5216.97	5600	5600.00
i500_10_1	4824	5033.13	4614	4620.03	4614	4616.10	4614	4614.30	4629	4691.53	4614	4614.00	4791	4791.00
i500_10_2	872	1009.27	822	825.57	822	826.70	822	822.00	840	844.27	822	822.00	865	865.00
i500_10_3	979	1269.30	951	952.63	951	955.00	951	951.63	975	982.77	951	951.03	1109	1109.00
i500_10_4	2117	2145.20	2119	2142.73	2124	2146.27	2116	2128.10	2128	2137.63	2102	2106.83	2226	2226.00
i500_10_5	971	1176.13	610	612.10	610	610.13	610	610.00	696	761.77	610	610.00	675	675.00
i500_10_6	6219	6544.27	5981	6012.47	5981	6005.03	5981	5989.50	6037	6077.43	5981	5981.00	6312	6312.00
i500_10_7	2814	2923.73	2781	2823.20	2792	2839.30	2775	2793.90	2906	2980.93	2768	2779.20	3261	3261.00
i500_10_8	4521	4710.70	4460	4465.63	4460	4464.13	4460	4460.00	4466	4488.87	4460	4460.00	4688	4688.00
i500_10_9	467	508.67	462	462.30	462	462.77	462	462.13	467	468.20	462	462.00	497	497.00
i500_10_10	2074	2178.73	2079	2163.87	2057	2122.13	2021	2065.07	2103	2148.53	1998	2009.57	2227	2227.00
i500_20_1	7698	7800.90	7684	7749.03	7739	7791.27	7587	7621.67	8191	8306.23	7649	7682.50	8212	8212.00
i500_20_2	819	961.30	795	806.50	796	810.30	790	791.37	795	812.27	790	790.00	899	899.00
i500_20_3	9113	9174.00	9080	9153.33	9103	9165.53	9014	9066.53	8984	9012.20	8941	8955.20	9440	9440.00
i500_20_4	1369	1537.77	1274	1287.67	1274	1292.37	1272	1273.57	1272	1288.30	1272	1272.00	1495	1495.00
i500_20_5	1837	1902.10	1848	1903.03	1831	1891.50	1784	1802.33	1749	1782.37	1719	1727.47	1859	1859.00
i500_20_6	9317	9498.27	9259	9400.73	9276	9426.73	9134	9202.07	9697	9810.17	9110	9163.80	9349	9349.00
i500_20_7	561	697.53	530	537.77	531	542.07	523	525.27	523	525.40	523	523.00	626	626.00
i500_20_8	3388	3508.20	3210	3251.27	3212	3250.97	3180	3193.00	3202	3220.03	3180	3180.00	3536	3536.00
i500_20_9	6493	6577.30	6495	6561.37	6495	6559.17	6391	6438.37	6345	6381.83	6291	6304.83	6614	6650.23
i500_20_10	5788	5883.77	5743	5839.80	5750	5825.20	5640	5689.13	6105	6221.73	5661	5696.40	6030	6030.00
i500_30_1	2803	3022.47	2767	2812.83	2791	2820.93	2692	2718.97	2796	2837.73	2670	2671.43	3064	3080.00
i500_30_2	538	600.77	502	523.00	502	528.07	479	487.37	480	505.70	477	477.00	613	614.87
i500_30_3	6122	6229.43	6145	6190.17	6147	6201.67	5970	5995.30	6208	6268.77	5975	6009.20	6317	6317.00
i500_30_4	4472	4638.87	4393	4477.87	4419	4478.83	4349	4383.73	4403	4448.40	4307	4307.67	4787	4787.00
i500_30_5	6177	6377.87	6019	6108.73	6031	6130.13	5897	5961.43	5990	6031.40	5869	5869.33	6583	6583.00
i500_30_6	1773	1867.23	1787	1854.27	1769	1859.70	1663	1696.80	1704	1748.17	1614	1632.80	1838	1838.00
i500_30_7	4069	4228.43	3917	4000.43	3892	3983.77	3828	3873.07	3820	3867.20	3795	3795.00	4256	4256.00
i500_30_8	9181	9288.03	9121	9216.40	9126	9239.53	8813	8867.07	9732	9859.53	8946	8982.27	9360	9360.00
i500_30_9	953	1067.73	904	938.37	921	951.00	870	891.07	884	907.53	862	862.00	1099	1119.40
i500_30_10	380	414.87	376	389.43	379	389.80	360	369.00	352	352.43	352	352.00	482	482.00
i750_10_1	4402	4514.23	4363	4489.10	4389	4446.77	4361	4397.43	4952	5062.87	4379	4410.10	4670	4676.50
i750_10_2	8538	9558.67	7764	7846.70	7744	7779.87	7744	7778.30	7836	7948.17	7744	7744.00	8244	8244.00
i750_10_3	6471	7259.37	5819	5828.93	5821	5825.97	5821	5823.80	5949	6016.83	5819	5819.47	6051	6051.00
i750_10_4	5664	6245.70	5080	5104.10	5086	5110.20	5080	5091.07	5461	5550.50	5086	5093.20	5405	5405.00
i750_10_5	1534	1596.83	1535	1583.73	1542	1585.77	1520	1553.13	1763	1844.20	1517	1548.83	1655	1655.00
i750_10_6	9341	10128.90	7895	7956.13	7895	7923.27	7895	7913.47	8120	8219.90	7895	7895.00	8227	8227.00
i750_10_7	948	979.70	950	970.77	949	982.63	950	960.13	1069	1123.33	952	964.70	1039	1039.00
i750_10_8	8736	9816.73	8009	8139.53	7990	8042.97	7959	7992.50	8785	8887.53	7996	8011.33	8638	8638.00
i750_10_9	13022	13223.40	13000	13166.00	12951	13062.70	12859	12936.30	13621	13784.40	12837	12856.40	13594	13594.00
i750_10_10	4388	4771.13	3840	3862.47	3841	3850.63	3840	3842.73	4047	4109.53	3840	3843.53	4149	4149.00
i750_20_1	6104	6228.07	6020	6170.77	6081	6243.13	5977	6072.93	6038	6153.30	5891	5904.97	6100	6100.00
i750_20_2	772	883.30	706	710.93	706	712.07	700	700.93	700	712.90	700	700.00	889	889.00
i750_20_3	1451	1737.20	1320	1330.17	1324	1333.37	1314	1315.20	1315	1325.90	1314	1314.00	1593	1593.00
i750_20_4	9917	10142.70	9806	9993.87	9844	9995.63	9595	9688.73	10592	10725.30	9674	9714.37	10151	10151.00
i750_20_5	9613	10384.90	9126	9232.37	9124	9199.53	9073	9122.03	9104	9132.77	9073	9073.00	9927	9927.00
i750_20_6	12297	12979.60	11486	11663.00	11472	11608.60	11434	11524.80	11551	11618.20	11434	11436.50	12396	12396.00
i750_20_7	5096	5474.63	4874	4900.23	4877	4897.80	4855	4866.50	4909	4939.10	4855	4856.60	5175	5177.73
i750_20_8	11517	11725.10	11449	11557.50	11369	11559.10	11259	11328.90	12192	12336.00	11353	11402.00	11910	11910.00
i750_20_9	4644	5161.17	4400	4437.20	4411	4428.63	4399	4399.70	4438	4455.30	4393	4393.00	4812	4812.00
i750_20_10	2806	3050.87	2651	2674.27	2661	2685.70	2632	2641.10	2695	2748.27	2632	2632.00	2866	2866.00
i750_30_1	5048	5211.47	5073	5171.57	5064	5145.93	4860	4923.03	4884	4942.00	4713	4733.10	5092	5092.00
i750_30_2	5790	6208.50	5313	5417.40	5281	5443.20	5189	5224.07	5211	5249.23	5128	5128.00	6045	6045.00
i750_30_3	2669	2891.40	2523	2597.37	2560	2633.50	2374	2404.30	2651	2734.90	2364	2372.43	3200	3200.00
i750_30_4	3243	3412.63	3230	3312.57	3251	3363.63	3018	3068.93	3317	3409.57	2951	2970.43	3240	3240.00
i750_30_5	776	854.20	776	829.47	757	827.67	691	713.33	677	692.53	661	669.03	733	733.00
i750_30_6	2944	3139.30	2648	2732.73	2641	2737.87	2583	2603.83	2607	2629.00	2577	2577.00	3028	3028.00
i750_30_7	1302	1417.70	1140	1168.40	1146	1185.57	1090	1101.23	1080	1095.83	1070	1070.00	1243	1289.87
i750_30_8	3162	3354.63	3015	3065.10	3036	3079.83	2919	2947.27	2981	3014.57	2911	2911.20	3281	3281.17
i750_30_9	3072	3459.17	2821	2894.90	2850	2897.43	2725	2751.07	2791	2851.33	2700	2700.10	3118	3118.00
i750_30_10	2217	2459.03	2068	2118.03	2065	2127.33	2004	2026.57	2011	2043.23	1994	1994.00	2256	2256.00
i750_50_1	5843	6162.83	5520	5684.83	5558	5715.57	5251	5340.27	5191	5243.27	5134	5134.00	5989	5989.00
i750_50_2	6774	7135.13	6244	6402.60	6132	6318.30	5007	5146.17	6095	6219.90	4978	5024.53	5766	5766.00
i750_50_3	14982	15532.20	14280	14657.30	13973	14252.40	12596	12723.00	14213	14465.40	12601	12685.00	13945	13945.00
i750_50_4	2808	3110.53	2585	2663.27	2571	2648.30	2411	2444.50	2415	2475.17	2356	2356.00	2699	2699.00
i750_50_5	10711	11358.50	10452	10709.10	10463	10691.30	10092	10216.00	9909	9968.83	9840	9841.17	11096	11096.00
i750_50_6	13303	13734.20	12363	12685.70	12436	12761.00	11763	11880.30	12006	12204.80	11483	11494.60	12590	12590.00
i750_50_7	5508	5831.50	5187	5332.57	5285	5388.10	4995	5054.63	4962	5019.57	4868	4870.10	5748	5748.00
i750_50_8	11757	12284.80	11288	11490.80	11262	11488.80	10800	10879.50	10743	10833.20	10580	10580.30	11425	11425.00
i750_50_9	6157	6487.70	5675	5923.03	5718	5885.73	5295	5372.30	5353	5427.07	5154	5156.67	5689	5689.00
i750_50_10	6732	7105.93	6395	6523.87	6256	6397.83	5220	5306.40	6235	6369.27	5204	5259.70	6139	6139.00
i1000_10_1	821	1262.17	641	641.00	641	641.00	641	641.00	648	676.17	641	641.00	712	712.00
i1000_10_2	25078	26499.60	23929	24395.40	23755	23996.70	23474	23604.20	27152	27613.50	23729	23784.30	24629	24629.00
i1000_10_3	988	1445.27	815	825.90	813	834.10	812	821.33	1370	1549.47	815	822.87	1071	1071.00
i1000_10_4	17794	19175.20	15222	15387.70	15207	15279.50	15208	15237.60	15901	16119.00	15204	15213.40	15711	15711.00
i1000_10_5	16403	17782.60	15215	15467.30	15195	15324.50	15085	15166.70	18730	19173.70	15393	15493.20	16299	16299.00
i1000_10_6	2750	3506.57	2025	2026.07	2025	2025.20	2025	2025.07	2163	2261.67	2025	2025.00	2188	2217.97
i1000_10_7	740	892.73	733	784.43	730	761.93	729	748.00	957	1029.87	735	743.57	779	779.00
i1000_10_8	21396	22272.50	21063	21889.10	20808	21377.30	20659	20769.00	22460	22845.70	20686	20743.90	20902	20933.77
i1000_10_9	25035	27379.80	22371	22565.50	22272	22420.30	22200	22280.20	24567	25060.30	22358	22394.20	23213	23213.00
i1000_10_10	4823	6037.33	4036	4144.20	4017	4197.93	3980	4052.77	5602	5940.87	4028	4061.03	4471	4471.00
i1000_20_1	9802	10931.00	9469	9604.70	9462	9530.60	9440	9476.63	9522	9559.57	9440	9440.00	10379	10405.67
i1000_20_2	17935	19477.00	16488	16772.00	16281	16514.20	15988	16138.90	17618	17801.70	16069	16111.60	17525	17525.00
i1000_20_3	20613	20780.20	20521	20762.20	20471	20635.50	20149	20267.10	23207	23879.70	20168	20209.90	20318	20318.00
i1000_20_4	8208	8313.33	8107	8186.70	8150	8211.27	7991	8064.00	8330	8466.63	7962	7971.70	8214	8214.00
i1000_20_5	15595	16415.90	14374	14620.60	14336	14522.30	14197	14386.30	14306	14371.80	14183	14183.00	15211	15211.00
i1000_20_6	25235	25483.70	25197	25435.00	25213	25345.30	24835	24937.60	27097	27679.50	24693	24738.90	25044	25044.00
i1000_20_7	10073	10270.00	10039	10197.50	10049	10192.50	9836	9939.57	10662	10770.20	9816	9836.60	10012	10012.00
i1000_20_8	17281	17949.20	17080	17433.30	17086	17258.70	16703	16896.30	18481	18907.10	16994	17095.40	17482	17482.00
i1000_20_9	11547	12699.00	10363	10523.50	10343	10410.50	10290	10365.90	10413	10444.90	10290	10290.00	11583	11583.00
i1000_20_10	11510	12582.00	10826	10911.40	10820	10874.60	10781	10806.60	10802	10814.30	10781	10781.00	11316	11316.00
i1000_30_1	8401	9304.60	7644	8014.30	7338	7526.77	6877	6950.90	8524	8816.57	6902	6947.57	7871	7871.00
i1000_30_2	2516	2923.57	2082	2229.40	2106	2169.60	1693	1727.60	2590	2785.83	1687	1710.30	2074	2074.00
i1000_30_3	20670	22030.80	19343	19926.50	19255	19627.60	18261	18486.10	21191	21489.60	18433	18512.90	20964	20977.70
i1000_30_4	14121	14977.00	12739	13016.10	12720	12949.00	12448	12561.80	12625	12755.60	12399	12399.00	13991	13991.00
i1000_30_5	4889	5357.83	4555	4837.37	4237	4420.03	3740	3798.37	5370	5629.40	3768	3814.60	4308	4308.00
i1000_30_6	13869	14958.80	12388	12808.10	12505	12712.10	12138	12283.50	12221	12277.80	12090	12090.00	13630	13630.00
i1000_30_7	11759	12666.70	10370	10686.20	10233	10409.60	9786	9912.03	10896	11199.10	9795	9814.73	10763	10813.50
i1000_30_8	2597	2914.20	2260	2334.13	2219	2312.20	2101	2115.90	2427	2572.43	2085	2087.40	2713	2713.00
i1000_30_9	16541	16800.90	16256	16406.50	15989	16069.30	15637	15723.10	16407	16547.70	15625	15674.30	15856	15859.33
i1000_30_10	21525	22212.80	20018	20475.00	19397	19789.90	18488	18751.40	21676	22082.00	18728	18826.10	20959	20959.00
i1000_50_1	3739	4074.13	3211	3373.13	3282	3413.40	2984	3012.30	2992	3048.03	2883	2883.00	3315	3315.00
i1000_50_2	21343	23019.20	19613	20321.00	18128	18386.60	16292	16353.10	18866	19060.20	16418	16498.40	16491	16491.00
i1000_50_3	13954	15006.80	12643	13045.80	12649	13002.60	11921	12074.30	12013	12126.40	11613	11613.00	13047	13047.00
i1000_50_4	1539	1856.47	1333	1380.30	1326	1391.53	1186	1219.93	1155	1193.23	1142	1142.00	1520	1520.00
i1000_50_5	2056	2321.70	1644	1723.37	1660	1745.97	1446	1473.03	1438	1482.20	1390	1390.00	1630	1630.00
i1000_50_6	18507	19553.80	17647	17946.30	17650	17963.80	16946	17149.80	16755	16830.70	16656	16656.30	18216	18216.00
i1000_50_7	22149	23676.60	20645	21556.50	20838	21482.00	19937	20210.90	19744	19938.40	19566	19566.00	21181	21181.00
i1000_50_8	2551	2956.43	2150	2271.83	2147	2209.23	1948	1983.57	1968	2023.63	1886	1888.77	2227	2227.00
i1000_50_9	16793	17964.90	15091	15755.00	14828	15179.70	14042	14258.60	14259	14401.30	13740	13741.60	15473	15473.00
i1000_50_10	5359	5926.30	4569	4776.03	4415	4539.90	4152	4198.00	4126	4213.60	3989	3989.00	4682	4682.00
i1000_100_1	89422	91770.10	84601	87936.40	81607	83941.10	73038	73550.20	73744	74107.90	71034	71095.70	73637	73637.00
i1000_100_2	87880	91243.90	85406	88028.60	82188	84167.20	76718	77728.00	76544	76799.50	75101	75128.40	81104	81104.00
i1000_100_3	43264	45809.80	42093	43737.40	34448	35621.70	26371	26614.40	28283	28587.70	25977	26031.70	28292	28292.00
i1000_100_4	45528	47420.30	43274	45125.30	41377	43194.90	37639	38008.50	37246	37487.30	36374	36402.70	39057	39057.00
i1000_100_5	98057	101289.00	94099	97602.50	85591	87589.00	68890	70011.00	73012	73945.90	67109	67326.40	76080	76080.00
i1000_100_6	57954	61000.20	55623	57639.50	54071	55287.10	49154	49678.20	48818	49135.00	47540	47587.00	50541	50541.00
i1000_100_7	72095	74592.10	68415	70888.40	56603	59998.90	45210	45533.50	48522	49129.30	44545	44637.80	47746	47746.00
i1000_100_8	60805	64170.20	60062	61613.50	57881	59085.10	53808	54441.20	53075	53324.60	52266	52290.40	55973	55973.00
i1000_100_9	33410	35199.10	31434	33164.50	27787	28787.90	24616	24953.50	24577	24774.70	23704	23721.80	26585	26585.00
i1000_100_10	33648	35611.30	30535	32501.00	22683	23472.80	16337	16584.20	17649	17913.10	15664	15795.20	17803	17803.00
