NOP: 1000
NINT: 67
0 31 32
31 64 33
64 86 34
86 108 35
108 139 36
139 165 37
165 195 38
195 219 39
219 248 40
248 274 41
274 303 42
303 331 43
331 350 44
350 378 45
378 413 46
413 438 47
438 473 48
473 495 49
495 528 50
528 552 49
552 582 48
582 608 47
608 637 46
637 672 45
672 705 44
705 734 43
734 756 42
756 789 41
789 819 40
819 851 39
851 880 38
880 916 37
916 952 36
952 980 35
980 1021 34
1021 1058 33
1058 1084 32
1084 1102 31
1102 1129 30
1129 1166 29
1166 1196 28
1196 1225 27
1225 1255 26
1255 1278 25
1278 1301 24
1301 1342 23
1342 1370 22
1370 1390 21
1390 1416 20
1416 1440 19
1440 1466 18
1466 1494 17
1494 1523 16
1523 1548 15
1548 1569 14
1569 1594 13
1594 1618 12
1618 1651 11
1651 1675 10
1675 1706 9
1706 1727 8
1727 1756 7
1756 1792 6
1792 1817 5
1817 1848 4
1848 1875 3
1875 300000 2
1 32 1856
2 51 201
3 84 509
4 43 54
5 95 1615
6 93 1673
7 27 1693
8 69 212
9 68 1215
10 28 1456
11 22 1422
12 86 823
13 26 851
14 45 1246
15 25 1017
16 58 1497
17 53 1089
18 77 174
19 95 1443
20 38 1717
21 57 1277
22 72 1004
23 96 1492
24 30 1825
25 28 1533
26 28 178
27 95 752
28 47 1768
29 90 956
30 61 1851
31 20 325
32 86 452
33 60 712
34 79 286
35 97 1165
36 88 1516
37 94 1223
38 40 1682
39 51 1089
40 34 526
41 20 1329
42 22 411
43 40 319
44 50 600
45 27 304
46 71 844
47 20 660
48 97 1736
49 46 587
50 22 224
51 72 342
52 71 1876
53 64 934
54 90 877
55 33 632
56 79 601
57 50 1037
58 62 910
59 29 714
60 92 1498
61 51 812
62 84 1194
63 48 238
64 80 964
65 26 1366
66 89 1559
67 31 298
68 82 858
69 28 149
70 69 1927
71 89 1230
72 76 1553
73 37 449
74 32 462
75 29 352
76 57 1432
77 37 343
78 62 860
79 22 1913
80 81 572
81 40 336
82 77 1236
83 23 1770
84 93 512
85 47 431
86 95 1770
87 44 153
88 48 1142
89 25 1479
90 79 860
91 92 237
92 59 314
93 38 381
94 70 1686
95 64 1217
96 85 1251
97 81 1314
98 63 186
99 43 320
100 93 249
101 56 637
102 90 479
103 39 1136
104 54 1329
105 71 1086
106 55 1555
107 88 1862
108 38 1669
109 23 1523
110 21 1563
111 22 1000
112 25 722
113 94 959
114 54 1536
115 32 1579
116 49 393
117 90 267
118 68 925
119 78 1365
120 32 1581
121 38 748
122 20 1568
123 54 296
124 33 735
125 50 435
126 74 522
127 72 1325
128 80 385
129 44 1420
130 66 165
131 38 488
132 32 586
133 52 810
134 68 605
135 21 756
136 49 1533
137 58 1179
138 54 989
139 82 1084
140 90 1093
141 87 1659
142 80 278
143 59 184
144 66 1864
145 38 842
146 49 369
147 93 1099
148 33 338
149 33 1069
150 72 415
151 72 1891
152 88 894
153 37 93
154 96 1795
155 44 316
156 47 1462
157 66 603
158 86 893
159 64 1267
160 91 1718
161 82 880
162 90 323
163 22 1404
164 58 1406
165 37 1482
166 67 1355
167 53 308
168 69 1367
169 83 960
170 76 889
171 63 1223
172 34 1413
173 97 383
174 63 1798
175 26 1874
176 24 840
177 91 480
178 27 601
179 55 483
180 44 486
181 23 770
182 58 233
183 50 570
184 99 1060
185 50 489
186 59 1880
187 55 1644
188 62 855
189 76 1175
190 85 402
191 64 1848
192 30 1811
193 39 747
194 90 457
195 92 401
196 79 579
197 22 1511
198 73 487
199 40 950
200 43 1703
201 32 71
202 34 248
203 88 894
204 47 1145
205 60 1779
206 77 870
207 47 756
208 91 1106
209 86 1289
210 56 971
211 37 365
212 88 424
213 73 118
214 24 338
215 76 1766
216 27 180
217 30 38
218 79 1867
219 96 502
220 45 1788
221 60 1917
222 27 1348
223 31 445
224 39 115
225 50 999
226 23 1455
227 40 1857
228 76 794
229 51 341
230 79 186
231 93 512
232 60 1427
233 80 1189
234 96 1500
235 68 774
236 71 1817
237 93 935
238 28 110
239 46 1870
240 43 677
241 24 913
242 87 169
243 97 622
244 28 1914
245 79 730
246 36 1569
247 40 913
248 63 1913
249 72 1750
250 31 1058
251 20 1269
252 57 793
253 71 1365
254 83 1864
255 68 1290
256 73 627
257 29 1529
258 41 1375
259 92 281
260 66 1017
261 46 1831
262 74 1433
263 85 1001
264 73 1522
265 90 408
266 66 540
267 45 751
268 34 1550
269 45 271
270 35 1390
271 38 1271
272 21 402
273 49 1920
274 97 249
275 30 607
276 21 149
277 83 824
278 26 798
279 72 1620
280 23 1892
281 48 1858
282 85 1096
283 78 1606
284 44 580
285 87 466
286 25 266
287 39 1009
288 80 1198
289 63 1457
290 90 1688
291 48 658
292 97 493
293 49 588
294 53 1346
295 63 996
296 61 1447
297 22 130
298 24 140
299 50 1096
300 76 1921
301 52 971
302 56 1373
303 51 235
304 71 1824
305 41 1835
306 37 1731
307 90 321
308 30 949
309 69 279
310 95 261
311 89 911
312 34 982
313 62 1586
314 38 174
315 96 1779
316 79 1102
317 94 1225
318 53 84
319 85 139
320 73 616
321 28 1801
322 93 308
323 27 454
324 56 449
325 25 1710
326 75 185
327 62 1290
328 69 1491
329 87 737
330 56 1480
331 22 1888
332 48 1326
333 64 1323
334 39 1711
335 28 124
336 20 1552
337 80 1519
338 87 1432
339 55 180
340 73 866
341 26 1203
342 62 1822
343 28 157
344 92 1843
345 97 238
346 59 500
347 22 1330
348 52 1549
349 43 413
350 72 579
351 67 1205
352 42 270
353 80 1700
354 87 1371
355 56 858
356 35 856
357 87 928
358 21 112
359 29 1158
360 32 874
361 35 1527
362 68 1382
363 94 1434
364 86 1590
365 80 1083
366 27 1859
367 46 111
368 52 903
369 40 323
370 61 153
371 91 1238
372 20 772
373 46 1681
374 94 744
375 63 1874
376 51 1124
377 97 404
378 90 745
379 91 1881
380 93 1420
381 21 834
382 32 371
383 40 992
384 38 756
385 80 563
386 61 1225
387 56 1698
388 37 256
389 40 558
390 62 1552
391 34 716
392 50 1839
393 42 722
394 75 1580
395 47 616
396 46 949
397 70 1896
398 60 70
399 92 1327
400 36 610
401 59 946
402 21 1716
403 31 326
404 74 1922
405 27 326
406 70 1107
407 20 1252
408 91 1506
409 30 873
410 65 1771
411 23 76
412 38 211
413 59 1060
414 41 929
415 95 326
416 64 1469
417 53 711
418 86 1293
419 83 1861
420 30 303
421 54 517
422 81 1612
423 54 1121
424 45 1608
425 32 691
426 89 1004
427 28 1189
428 25 1184
429 63 1733
430 75 269
431 35 748
432 97 623
433 54 104
434 33 757
435 29 1931
436 57 1569
437 55 1822
438 46 1449
439 77 1739
440 42 811
441 93 869
442 34 431
443 31 607
444 85 1911
445 46 1067
446 21 42
447 97 532
448 72 1364
449 79 1317
450 29 328
451 22 934
452 83 690
453 94 1555
454 37 1734
455 98 1680
456 56 340
457 42 314
458 63 724
459 21 433
460 27 599
461 38 1796
462 58 1162
463 81 1592
464 66 1184
465 42 1319
466 79 755
467 91 1770
468 78 956
469 54 307
470 77 745
471 79 1193
472 26 840
473 45 61
474 26 1247
475 35 887
476 21 1774
477 52 534
478 60 603
479 42 1328
480 59 612
481 35 617
482 96 1856
483 35 1686
484 68 1310
485 66 1137
486 34 162
487 42 1589
488 32 1925
489 75 1098
490 60 1702
491 23 801
492 79 701
493 48 1333
494 80 897
495 28 213
496 49 1343
497 27 1198
498 52 1141
499 99 1032
500 73 1682
501 62 645
502 65 1062
503 48 630
504 42 1038
505 67 1555
506 33 410
507 41 1922
508 76 1612
509 55 1825
510 23 1826
511 33 1520
512 33 181
513 25 427
514 39 1267
515 51 579
516 64 956
517 75 1469
518 95 877
519 22 406
520 65 119
521 27 400
522 84 731
523 36 680
524 55 1456
525 63 411
526 49 607
527 68 1466
528 48 1469
529 62 173
530 50 1014
531 52 67
532 57 734
533 82 1082
534 39 830
535 38 53
536 68 1837
537 40 141
538 34 1437
539 52 60
540 53 1145
541 20 369
542 70 1698
543 36 257
544 93 1807
545 55 1645
546 38 470
547 84 283
548 62 316
549 48 1882
550 38 616
551 78 464
552 30 549
553 59 892
554 37 618
555 55 1407
556 46 1294
557 22 1913
558 78 902
559 39 1567
560 69 183
561 40 1644
562 35 1855
563 43 1877
564 75 1070
565 66 1080
566 95 859
567 24 1482
568 71 488
569 33 824
570 25 758
571 83 716
572 22 1305
573 79 1196
574 77 1914
575 96 1565
576 29 1481
577 47 1240
578 61 218
579 71 375
580 88 1867
581 79 129
582 48 512
583 24 1051
584 80 1498
585 24 487
586 68 1508
587 67 351
588 27 850
589 23 358
590 56 203
591 95 1422
592 58 946
593 97 1280
594 87 709
595 45 394
596 21 1758
597 92 836
598 21 1009
599 80 788
600 50 784
601 48 1877
602 65 1791
603 29 1325
604 89 1799
605 63 696
606 24 1516
607 86 1450
608 51 97
609 48 804
610 47 1829
611 98 1908
612 43 292
613 36 1542
614 80 1173
615 28 1352
616 33 1151
617 61 1153
618 52 150
619 47 870
620 77 259
621 37 1352
622 99 1044
623 99 813
624 98 283
625 81 896
626 24 1071
627 26 773
628 91 658
629 35 1938
630 90 1124
631 95 455
632 90 974
633 42 1786
634 66 1221
635 92 436
636 33 642
637 98 214
638 33 1492
639 36 739
640 86 902
641 92 1734
642 40 1769
643 21 1726
644 50 1675
645 20 307
646 24 720
647 99 1740
648 50 1507
649 45 396
650 54 380
651 62 1629
652 86 243
653 22 506
654 42 987
655 75 1423
656 74 375
657 86 1878
658 87 597
659 64 1894
660 82 238
661 44 750
662 25 77
663 91 1565
664 57 487
665 30 465
666 62 1483
667 95 1253
668 53 249
669 67 1680
670 54 1052
671 53 417
672 82 762
673 71 422
674 47 663
675 78 1868
676 86 1702
677 20 673
678 21 1168
679 37 873
680 57 1830
681 94 623
682 99 229
683 69 1174
684 37 1883
685 56 1612
686 77 307
687 93 767
688 69 1319
689 91 1868
690 99 1567
691 58 186
692 99 296
693 40 1334
694 23 997
695 31 401
696 71 1852
697 64 196
698 97 1884
699 50 606
700 30 56
701 81 220
702 35 1266
703 67 125
704 84 1009
705 41 1589
706 37 959
707 30 465
708 83 1877
709 29 930
710 69 1660
711 26 1668
712 24 1581
713 58 814
714 71 1720
715 95 1942
716 48 1558
717 83 1367
718 81 1467
719 41 674
720 30 1870
721 89 598
722 27 636
723 41 796
724 61 1644
725 74 1115
726 20 305
727 78 1330
728 94 1903
729 80 355
730 52 751
731 98 1418
732 97 854
733 50 1475
734 56 593
735 53 260
736 48 308
737 86 1034
738 30 797
739 24 693
740 38 1386
741 63 516
742 41 1441
743 90 249
744 41 1889
745 92 1058
746 84 919
747 99 1399
748 36 426
749 33 688
750 52 1193
751 84 662
752 49 1487
753 21 1210
754 76 125
755 69 586
756 61 320
757 79 1577
758 25 1533
759 52 630
760 92 445
761 32 1762
762 23 1591
763 39 854
764 86 483
765 26 121
766 24 129
767 74 311
768 67 1309
769 90 1778
770 71 452
771 64 1496
772 55 452
773 59 286
774 61 1917
775 25 1464
776 85 1099
777 74 1631
778 84 1028
779 84 1402
780 93 1517
781 69 276
782 46 1677
783 48 686
784 94 979
785 81 589
786 42 453
787 79 652
788 49 973
789 41 1294
790 21 1225
791 54 939
792 90 1529
793 70 1695
794 95 1402
795 25 1766
796 82 793
797 68 1624
798 42 1770
799 40 97
800 90 876
801 99 719
802 44 399
803 68 496
804 83 190
805 94 786
806 69 1467
807 59 176
808 48 1278
809 91 492
810 86 958
811 28 321
812 64 459
813 80 1376
814 71 1173
815 25 248
816 82 199
817 37 1756
818 96 1669
819 98 1822
820 23 719
821 53 288
822 30 303
823 32 303
824 26 764
825 85 1704
826 67 1205
827 35 926
828 40 1801
829 65 1675
830 51 398
831 23 1819
832 38 1227
833 53 1717
834 97 555
835 57 450
836 62 1182
837 94 1447
838 50 339
839 28 171
840 39 1856
841 92 195
842 21 1752
843 79 1275
844 94 1057
845 82 851
846 77 1300
847 98 917
848 29 1170
849 83 1222
850 34 960
851 24 368
852 85 820
853 87 1610
854 98 368
855 93 618
856 98 752
857 63 933
858 55 210
859 52 1200
860 48 1003
861 78 1164
862 90 1273
863 52 148
864 42 1881
865 59 282
866 60 93
867 20 672
868 73 1507
869 45 1648
870 64 1445
871 21 1337
872 89 1660
873 55 294
874 43 826
875 43 1734
876 25 442
877 65 1683
878 84 156
879 63 1655
880 72 1496
881 34 679
882 94 1522
883 26 760
884 97 1091
885 81 1518
886 39 665
887 60 828
888 98 767
889 97 1451
890 84 177
891 72 922
892 48 476
893 83 1050
894 88 971
895 87 981
896 51 1857
897 42 536
898 44 1689
899 57 610
900 38 918
901 78 1715
902 64 1429
903 78 202
904 91 1061
905 66 223
906 65 1063
907 77 1763
908 85 144
909 72 795
910 35 226
911 72 1664
912 20 417
913 22 297
914 95 445
915 41 570
916 48 948
917 84 1058
918 24 1738
919 80 1909
920 70 1761
921 99 363
922 91 1178
923 77 350
924 47 1859
925 98 1114
926 59 1759
927 71 1577
928 99 736
929 97 497
930 48 1155
931 30 580
932 87 1653
933 54 61
934 57 68
935 67 1252
936 37 385
937 68 1145
938 76 355
939 38 1421
940 59 1075
941 24 1084
942 73 1727
943 62 668
944 21 673
945 39 1384
946 91 1083
947 38 847
948 71 882
949 47 1865
950 27 1203
951 98 673
952 42 144
953 57 597
954 37 1717
955 66 1387
956 61 144
957 70 1858
958 88 251
959 85 817
960 48 1856
961 32 1783
962 41 992
963 46 681
964 42 1806
965 27 225
966 43 561
967 81 1016
968 50 1068
969 75 688
970 75 384
971 82 711
972 46 462
973 62 469
974 56 1529
975 51 1928
976 97 784
977 52 804
978 73 1220
979 66 1811
980 85 310
981 75 1154
982 52 451
983 65 1476
984 72 670
985 98 1687
986 68 532
987 44 921
988 37 1870
989 85 1492
990 63 1764
991 81 691
992 82 668
993 94 1689
994 44 1631
995 47 114
996 21 1322
997 97 557
998 69 91
999 58 817
1000 29 1603
