NOP: 1000
NINT: 107
0 10 92
10 19 93
19 28 94
28 35 95
35 44 96
44 51 97
51 58 98
58 64 99
64 72 100
72 82 99
82 94 98
94 102 97
102 109 96
109 121 95
121 131 94
131 139 93
139 152 92
152 161 91
161 166 90
166 176 89
176 188 88
188 200 87
200 211 86
211 221 85
221 235 84
235 246 83
246 252 82
252 261 81
261 272 80
272 278 79
278 290 78
290 295 77
295 307 76
307 316 75
316 324 74
324 336 73
336 349 72
349 360 71
360 368 70
368 377 69
377 388 68
388 398 67
398 405 66
405 416 65
416 424 64
424 431 63
431 440 62
440 448 61
448 460 60
460 471 59
471 484 58
484 492 57
492 501 56
501 511 55
511 519 54
519 528 53
528 538 52
538 552 51
552 561 50
561 566 49
566 572 48
572 583 47
583 591 46
591 602 45
602 611 44
611 623 43
623 635 42
635 645 41
645 654 40
654 665 39
665 672 38
672 682 37
682 691 36
691 701 35
701 711 34
711 720 33
720 729 32
729 736 31
736 749 30
749 759 29
759 767 28
767 776 27
776 788 26
788 797 25
797 802 24
802 813 23
813 822 22
822 833 21
833 846 20
846 855 19
855 864 18
864 875 17
875 887 16
887 895 15
895 906 14
906 916 13
916 926 12
926 933 11
933 945 10
945 958 9
958 967 8
967 977 7
977 985 6
985 996 5
996 1003 4
1003 1012 3
1012 300000 2
1 51 551
2 71 577
3 43 804
4 51 183
5 79 752
6 89 416
7 43 201
8 75 736
9 38 602
10 70 418
11 46 202
12 31 1027
13 28 922
14 53 967
15 69 1025
16 74 765
17 90 699
18 45 469
19 67 327
20 49 454
21 39 805
22 97 748
23 62 844
24 56 1029
25 82 579
26 55 785
27 49 633
28 43 832
29 39 386
30 94 461
31 77 742
32 65 188
33 46 545
34 61 913
35 38 117
36 93 488
37 79 116
38 98 273
39 22 772
40 34 145
41 74 102
42 31 1036
43 67 1010
44 28 1045
45 51 130
46 55 752
47 66 868
48 87 411
49 89 823
50 81 826
51 50 741
52 24 807
53 37 373
54 25 186
55 26 46
56 58 1012
57 49 827
58 62 314
59 43 755
60 50 388
61 66 1012
62 46 1001
63 69 367
64 92 529
65 44 586
66 46 157
67 93 274
68 23 590
69 76 315
70 31 603
71 59 514
72 63 691
73 96 558
74 80 992
75 96 419
76 71 746
77 32 484
78 45 569
79 37 729
80 23 451
81 32 210
82 53 389
83 72 773
84 79 491
85 95 991
86 93 987
87 52 1030
88 56 755
89 57 309
90 61 898
91 68 451
92 63 103
93 30 641
94 45 1001
95 33 405
96 38 978
97 40 160
98 72 166
99 54 70
100 64 804
101 22 925
102 91 311
103 26 896
104 88 184
105 52 314
106 79 972
107 62 313
108 99 423
109 26 240
110 96 877
111 23 730
112 43 827
113 40 456
114 29 596
115 81 323
116 86 411
117 91 355
118 26 418
119 35 681
120 33 782
121 43 886
122 46 875
123 80 769
124 67 431
125 23 744
126 55 961
127 96 902
128 47 115
129 91 373
130 42 990
131 31 251
132 85 936
133 36 840
134 71 97
135 94 216
136 52 602
137 29 376
138 93 436
139 24 970
140 83 1029
141 51 132
142 32 1018
143 90 634
144 38 511
145 32 695
146 72 804
147 58 769
148 47 761
149 77 185
150 67 757
151 45 827
152 93 306
153 39 171
154 89 861
155 39 789
156 61 259
157 83 481
158 55 701
159 40 95
160 58 934
161 26 1036
162 34 1016
163 53 948
164 82 109
165 81 599
166 38 819
167 95 557
168 94 879
169 32 582
170 74 859
171 28 411
172 90 671
173 23 679
174 64 897
175 51 571
176 80 748
177 43 616
178 87 307
179 71 642
180 61 161
181 20 885
182 29 770
183 24 111
184 75 719
185 39 727
186 49 611
187 44 798
188 36 972
189 39 852
190 96 967
191 34 610
192 59 351
193 81 726
194 29 1002
195 96 439
196 85 873
197 97 619
198 97 368
199 97 516
200 58 386
201 38 631
202 48 637
203 25 476
204 23 525
205 53 139
206 75 588
207 34 187
208 28 273
209 36 46
210 86 550
211 67 627
212 29 1054
213 34 45
214 97 192
215 24 557
216 45 926
217 77 764
218 49 517
219 32 227
220 68 869
221 45 533
222 46 399
223 95 704
224 81 150
225 26 73
226 91 399
227 54 112
228 65 1016
229 93 603
230 56 700
231 77 873
232 49 631
233 30 994
234 46 211
235 36 92
236 69 549
237 69 683
238 75 892
239 37 442
240 33 123
241 38 102
242 93 626
243 72 955
244 47 563
245 72 380
246 85 794
247 38 632
248 53 992
249 40 248
250 45 906
251 37 149
252 57 251
253 78 353
254 66 901
255 79 570
256 48 436
257 33 1055
258 75 472
259 51 1008
260 82 251
261 54 1031
262 47 369
263 48 210
264 64 410
265 27 430
266 39 1057
267 75 1033
268 48 857
269 20 155
270 92 419
271 27 403
272 60 863
273 30 894
274 42 179
275 88 137
276 46 483
277 28 862
278 87 527
279 49 742
280 33 176
281 47 601
282 56 895
283 39 923
284 20 203
285 83 313
286 33 498
287 53 677
288 68 878
289 73 333
290 78 1024
291 73 240
292 43 181
293 41 275
294 70 386
295 86 227
296 34 396
297 47 609
298 69 359
299 24 260
300 55 1020
301 77 1036
302 43 476
303 63 813
304 87 516
305 21 136
306 80 976
307 73 255
308 39 554
309 64 524
310 30 802
311 53 595
312 54 331
313 93 283
314 83 111
315 29 486
316 83 703
317 91 518
318 89 927
319 44 1044
320 50 503
321 87 1058
322 33 546
323 46 770
324 35 1054
325 31 519
326 71 295
327 63 375
328 57 204
329 74 686
330 41 636
331 72 240
332 74 499
333 46 849
334 46 795
335 90 742
336 43 571
337 35 715
338 20 389
339 73 464
340 45 229
341 46 668
342 71 251
343 42 904
344 63 988
345 33 550
346 83 476
347 88 774
348 69 531
349 33 589
350 51 527
351 96 411
352 85 791
353 56 752
354 72 194
355 43 472
356 81 598
357 66 910
358 58 85
359 27 1051
360 77 699
361 32 238
362 33 573
363 57 489
364 83 997
365 44 752
366 73 343
367 82 95
368 91 336
369 20 939
370 63 880
371 21 497
372 89 446
373 57 950
374 39 769
375 69 306
376 52 684
377 50 581
378 41 270
379 41 991
380 57 508
381 91 713
382 30 889
383 70 292
384 69 704
385 54 155
386 67 832
387 60 1012
388 28 158
389 58 930
390 60 775
391 63 673
392 50 342
393 22 440
394 67 329
395 28 227
396 38 881
397 49 935
398 70 1067
399 83 217
400 94 948
401 53 305
402 95 683
403 33 917
404 96 740
405 88 892
406 21 233
407 97 660
408 26 431
409 52 961
410 60 918
411 73 340
412 94 198
413 64 102
414 76 654
415 95 388
416 43 543
417 86 976
418 81 635
419 41 787
420 58 917
421 61 487
422 66 628
423 74 304
424 34 517
425 29 669
426 46 800
427 91 347
428 59 505
429 24 644
430 99 211
431 42 371
432 91 755
433 70 343
434 34 481
435 51 278
436 53 219
437 66 774
438 50 85
439 29 1006
440 29 359
441 53 879
442 68 481
443 82 149
444 44 115
445 27 612
446 49 1010
447 90 114
448 62 530
449 74 805
450 52 350
451 62 874
452 80 453
453 78 774
454 90 832
455 35 901
456 40 557
457 89 426
458 45 957
459 60 449
460 60 649
461 91 1022
462 52 453
463 36 371
464 65 387
465 86 467
466 56 414
467 81 482
468 72 485
469 30 544
470 37 773
471 68 924
472 97 1033
473 59 268
474 62 1008
475 89 469
476 95 677
477 42 579
478 81 176
479 46 628
480 22 186
481 89 664
482 62 543
483 30 991
484 58 855
485 24 714
486 26 458
487 65 755
488 20 598
489 43 65
490 74 332
491 74 382
492 26 969
493 71 233
494 74 120
495 21 720
496 93 524
497 66 485
498 63 954
499 21 759
500 81 389
501 65 730
502 64 198
503 50 85
504 85 889
505 83 925
506 27 205
507 41 306
508 21 772
509 42 677
510 75 426
511 79 212
512 88 265
513 46 568
514 91 930
515 24 539
516 77 977
517 87 188
518 53 976
519 90 949
520 45 148
521 31 727
522 69 466
523 83 163
524 54 345
525 66 797
526 40 191
527 68 901
528 64 333
529 36 64
530 70 578
531 71 579
532 65 199
533 70 746
534 75 1020
535 53 662
536 82 883
537 62 1034
538 62 926
539 26 596
540 99 284
541 78 898
542 37 554
543 23 970
544 20 842
545 24 993
546 53 406
547 59 466
548 61 390
549 79 161
550 84 967
551 49 84
552 30 534
553 57 464
554 73 725
555 40 136
556 85 754
557 64 587
558 77 638
559 51 284
560 77 840
561 84 669
562 98 650
563 52 816
564 81 735
565 81 1060
566 61 711
567 99 909
568 47 147
569 20 602
570 65 553
571 85 641
572 50 327
573 93 265
574 58 839
575 83 647
576 86 394
577 59 491
578 51 161
579 48 127
580 45 1022
581 28 524
582 92 769
583 73 891
584 77 1029
585 81 1055
586 76 437
587 27 681
588 97 466
589 30 714
590 32 280
591 53 81
592 44 74
593 85 770
594 37 100
595 50 802
596 28 948
597 31 414
598 46 912
599 90 306
600 80 375
601 67 561
602 39 668
603 79 386
604 92 263
605 23 415
606 82 755
607 99 610
608 68 906
609 54 214
610 91 740
611 34 878
612 97 231
613 77 277
614 67 1024
615 42 585
616 66 712
617 73 258
618 88 660
619 95 137
620 60 459
621 93 451
622 23 539
623 90 897
624 21 942
625 81 605
626 88 372
627 78 598
628 25 551
629 41 347
630 47 412
631 65 348
632 46 351
633 82 617
634 34 204
635 80 767
636 29 526
637 50 420
638 90 293
639 90 725
640 57 264
641 89 434
642 73 1024
643 52 942
644 88 868
645 88 961
646 84 781
647 49 722
648 42 848
649 94 243
650 51 350
651 60 312
652 78 262
653 72 353
654 73 987
655 76 656
656 97 738
657 20 576
658 70 964
659 28 605
660 31 981
661 47 854
662 71 332
663 71 201
664 34 772
665 32 830
666 33 295
667 47 652
668 87 369
669 93 232
670 89 599
671 79 503
672 35 476
673 23 572
674 21 447
675 61 536
676 40 364
677 44 646
678 39 888
679 36 1003
680 54 398
681 90 519
682 83 816
683 95 678
684 33 424
685 71 303
686 48 900
687 65 593
688 96 1043
689 26 908
690 41 849
691 52 271
692 58 579
693 70 610
694 82 244
695 48 250
696 94 764
697 64 260
698 39 906
699 49 417
700 29 875
701 76 89
702 70 704
703 62 415
704 70 748
705 26 771
706 85 346
707 78 862
708 47 521
709 33 979
710 57 218
711 76 350
712 49 1048
713 45 1011
714 40 795
715 41 503
716 77 295
717 80 639
718 86 176
719 61 784
720 87 568
721 74 786
722 75 506
723 85 714
724 28 519
725 45 215
726 91 149
727 76 826
728 59 455
729 53 838
730 46 587
731 69 210
732 22 112
733 82 245
734 92 348
735 48 779
736 64 165
737 72 845
738 24 922
739 20 1055
740 48 347
741 28 879
742 62 191
743 46 118
744 74 961
745 37 198
746 46 753
747 68 334
748 56 598
749 68 867
750 48 205
751 68 188
752 34 171
753 68 372
754 41 253
755 29 984
756 92 522
757 64 903
758 40 103
759 24 529
760 38 410
761 57 408
762 22 452
763 85 131
764 64 810
765 78 848
766 47 184
767 69 848
768 46 320
769 34 739
770 82 591
771 22 30
772 80 409
773 27 90
774 69 932
775 95 585
776 34 198
777 81 729
778 70 700
779 22 961
780 60 737
781 93 595
782 64 168
783 72 517
784 75 491
785 99 608
786 42 328
787 64 731
788 83 914
789 27 430
790 80 898
791 42 973
792 38 154
793 35 119
794 45 883
795 72 263
796 72 290
797 81 715
798 25 986
799 84 87
800 43 805
801 46 75
802 31 368
803 80 207
804 95 257
805 87 467
806 27 883
807 26 935
808 65 530
809 50 99
810 93 858
811 56 1036
812 89 941
813 98 656
814 99 981
815 50 851
816 72 929
817 94 362
818 93 424
819 53 904
820 27 388
821 73 791
822 60 168
823 75 1015
824 95 328
825 76 687
826 39 934
827 74 247
828 65 337
829 28 442
830 49 859
831 95 933
832 51 197
833 44 678
834 57 931
835 80 339
836 30 617
837 31 205
838 42 319
839 48 465
840 91 444
841 88 190
842 89 290
843 49 385
844 82 486
845 92 596
846 80 379
847 83 414
848 56 337
849 78 629
850 91 337
851 49 755
852 65 877
853 39 1003
854 30 1032
855 93 992
856 98 681
857 34 466
858 62 838
859 91 322
860 41 380
861 32 554
862 45 416
863 79 710
864 26 1004
865 61 93
866 51 1041
867 43 476
868 89 509
869 82 923
870 78 279
871 24 749
872 86 324
873 51 910
874 78 332
875 43 265
876 44 351
877 93 792
878 83 99
879 96 971
880 97 896
881 27 506
882 66 806
883 39 925
884 92 95
885 93 923
886 77 884
887 57 238
888 32 337
889 37 498
890 41 592
891 80 1019
892 34 207
893 25 504
894 20 1009
895 55 1004
896 54 263
897 99 887
898 97 1055
899 52 80
900 60 464
901 41 209
902 27 947
903 36 416
904 75 806
905 38 545
906 62 149
907 60 812
908 77 676
909 99 181
910 94 555
911 31 118
912 42 483
913 61 193
914 79 424
915 28 333
916 76 954
917 64 548
918 31 270
919 23 742
920 90 540
921 23 892
922 99 768
923 54 80
924 70 992
925 50 294
926 43 588
927 41 727
928 65 233
929 35 573
930 67 882
931 23 753
932 77 807
933 85 849
934 95 545
935 27 525
936 36 90
937 73 749
938 80 137
939 25 951
940 22 277
941 22 119
942 67 137
943 31 210
944 96 548
945 55 463
946 59 146
947 70 365
948 66 427
949 49 881
950 43 216
951 81 892
952 54 1001
953 79 704
954 49 170
955 99 757
956 81 575
957 52 1017
958 81 276
959 75 454
960 28 911
961 70 677
962 47 835
963 34 361
964 30 509
965 31 599
966 46 1027
967 77 647
968 83 967
969 91 354
970 54 771
971 95 151
972 60 60
973 80 626
974 59 331
975 75 257
976 22 416
977 43 515
978 95 412
979 40 195
980 75 705
981 37 631
982 97 998
983 20 192
984 24 139
985 64 943
986 71 1023
987 68 197
988 97 1058
989 31 649
990 32 1006
991 41 765
992 65 627
993 35 304
994 95 340
995 38 302
996 83 492
997 71 954
998 34 638
999 47 330
1000 71 275
