NOP: 1000
NINT: 12
0 736 7
736 1590 8
1590 2393 9
2393 3124 10
3124 3922 9
3922 4682 8
4682 5467 7
5467 6257 6
6257 7115 5
7115 7825 4
7825 8688 3
8688 300000 2
1 96 6617
2 80 651
3 97 4039
4 75 2206
5 76 1696
6 96 4700
7 21 5874
8 54 2268
9 35 6048
10 91 6787
11 77 8292
12 81 8974
13 24 4483
14 59 4745
15 54 2256
16 69 2217
17 37 8779
18 64 9039
19 22 4775
20 61 1818
21 61 3458
22 32 6153
23 56 4507
24 31 648
25 57 5679
26 35 232
27 47 2331
28 73 8462
29 44 1597
30 99 7631
31 43 5546
32 79 6534
33 58 3941
34 94 8516
35 93 6650
36 93 7921
37 30 5985
38 24 7978
39 21 7231
40 86 7448
41 60 7600
42 60 4772
43 89 5276
44 22 6964
45 21 6174
46 24 6925
47 50 7536
48 70 8793
49 34 9128
50 70 247
51 90 4774
52 31 4046
53 20 1202
54 34 2775
55 44 5093
56 48 936
57 46 6666
58 40 3160
59 82 1089
60 42 6160
61 82 3440
62 37 5636
63 49 1494
64 48 2051
65 55 6899
66 59 5439
67 60 5259
68 59 8783
69 62 5360
70 74 1803
71 62 8471
72 38 2254
73 90 8564
74 96 625
75 22 1084
76 88 3093
77 22 3672
78 51 8505
79 29 1184
80 94 6326
81 65 3195
82 79 8563
83 98 779
84 44 2258
85 20 2655
86 90 2036
87 26 3238
88 83 5284
89 89 1161
90 66 134
91 62 752
92 75 4268
93 21 6900
94 53 3276
95 28 9093
96 90 4699
97 73 8810
98 73 6014
99 73 2937
100 73 8881
101 56 7963
102 34 8431
103 87 6608
104 26 9009
105 39 2865
106 88 9050
107 23 5016
108 51 7873
109 29 1632
110 30 6612
111 97 1152
112 48 5881
113 57 8155
114 84 8410
115 43 7210
116 82 4974
117 83 2883
118 36 2128
119 69 3322
120 31 7021
121 41 4868
122 46 4673
123 42 6897
124 79 7956
125 32 3315
126 56 8156
127 23 6825
128 92 3468
129 47 2546
130 30 6492
131 48 2013
132 52 7467
133 43 4787
134 46 3723
135 22 3713
136 23 544
137 87 7175
138 24 1381
139 42 1634
140 24 7781
141 77 1270
142 99 6690
143 95 1125
144 51 5638
145 65 8131
146 99 6606
147 42 3203
148 80 1266
149 45 8792
150 59 1115
151 60 444
152 78 2769
153 65 5733
154 22 4444
155 36 297
156 76 1840
157 36 1880
158 30 2205
159 30 8398
160 50 2827
161 58 6476
162 36 1870
163 81 5588
164 53 6896
165 32 3205
166 86 4009
167 43 1672
168 49 946
169 75 2222
170 24 9012
171 96 1389
172 50 3245
173 52 8844
174 90 514
175 77 7427
176 68 4072
177 68 5985
178 78 7282
179 44 233
180 97 8052
181 98 6391
182 64 1522
183 30 7926
184 76 6356
185 27 811
186 67 6499
187 79 4226
188 44 7852
189 70 3929
190 90 1828
191 30 1512
192 88 2247
193 70 8185
194 56 2907
195 89 3068
196 24 7800
197 48 5934
198 49 7249
199 94 8288
200 69 865
201 84 7901
202 58 7238
203 48 8255
204 42 8292
205 78 1983
206 83 3057
207 45 1599
208 72 1093
209 31 4556
210 61 264
211 45 3484
212 82 6820
213 22 5364
214 29 6480
215 74 7913
216 48 4763
217 39 8903
218 24 5808
219 54 5120
220 64 5770
221 62 1092
222 80 3136
223 50 4147
224 32 6015
225 78 194
226 74 743
227 34 4102
228 65 2321
229 65 4218
230 46 979
231 84 909
232 91 6148
233 46 7283
234 51 3065
235 58 6096
236 45 9082
237 84 3157
238 88 2568
239 41 2638
240 64 7386
241 43 5050
242 33 3873
243 76 5235
244 42 6249
245 62 2737
246 63 953
247 62 2072
248 81 2075
249 71 2068
250 40 8888
251 59 6512
252 97 332
253 52 1577
254 96 6869
255 28 1825
256 67 7103
257 24 1074
258 67 2235
259 74 378
260 69 7842
261 90 2991
262 95 5966
263 67 8433
264 80 175
265 83 2542
266 23 7538
267 55 6448
268 24 5026
269 62 7270
270 23 8517
271 48 7031
272 84 5474
273 44 263
274 95 5345
275 93 1925
276 84 3250
277 66 568
278 80 7453
279 75 800
280 84 7949
281 92 719
282 73 8946
283 84 7070
284 28 2805
285 63 235
286 72 234
287 97 7918
288 97 759
289 61 5862
290 41 7176
291 32 4623
292 21 6070
293 72 4846
294 32 2492
295 95 2624
296 76 2625
297 23 5154
298 65 6767
299 56 8433
300 38 7886
301 63 7226
302 69 8126
303 71 8003
304 63 8367
305 39 5276
306 87 420
307 65 7462
308 98 8761
309 75 4662
310 52 4137
311 42 6260
312 98 7052
313 80 7314
314 95 4955
315 95 1199
316 25 6424
317 57 1410
318 93 4796
319 94 7321
320 47 7319
321 52 3337
322 64 3845
323 55 7394
324 26 1126
325 58 5591
326 56 8980
327 52 1839
328 88 3553
329 92 5986
330 59 7166
331 77 2366
332 39 3928
333 81 622
334 27 6440
335 20 2531
336 22 5974
337 90 4529
338 25 4335
339 98 7098
340 37 7762
341 52 3462
342 42 4492
343 60 8674
344 55 8275
345 61 8601
346 68 4469
347 90 5741
348 35 7044
349 20 5841
350 38 7805
351 43 1856
352 62 1034
353 83 8285
354 89 6106
355 77 263
356 33 2622
357 36 7363
358 59 1293
359 47 2187
360 88 126
361 80 3245
362 74 7227
363 26 5477
364 34 1901
365 96 3675
366 35 4852
367 85 8405
368 45 2932
369 88 5883
370 41 7381
371 87 688
372 52 6318
373 95 882
374 68 5192
375 27 8886
376 89 6375
377 75 6058
378 71 5001
379 74 8039
380 69 7155
381 99 6329
382 48 7886
383 33 2010
384 73 5048
385 93 3732
386 84 8144
387 26 2863
388 28 669
389 56 4841
390 72 7544
391 69 4933
392 77 6381
393 26 5749
394 45 8063
395 89 8948
396 78 2459
397 40 4128
398 82 5222
399 64 6917
400 61 2009
401 65 8062
402 94 2639
403 99 8396
404 58 1948
405 21 8352
406 85 5904
407 42 5205
408 46 4043
409 50 7054
410 77 7168
411 29 6523
412 90 7322
413 90 7060
414 46 651
415 30 8488
416 62 4316
417 68 5699
418 58 4663
419 35 5857
420 27 4030
421 79 4393
422 83 1498
423 56 7878
424 65 6263
425 47 5362
426 56 7329
427 45 4802
428 44 8335
429 76 3537
430 97 6907
431 78 8168
432 88 4576
433 52 1555
434 36 5602
435 92 654
436 49 556
437 59 8846
438 85 581
439 53 2953
440 99 5713
441 28 4899
442 32 3463
443 78 5113
444 99 266
445 93 7090
446 50 8580
447 43 4474
448 67 6164
449 60 8750
450 75 2821
451 22 993
452 64 1723
453 89 2124
454 22 5192
455 69 3360
456 91 786
457 99 5397
458 55 111
459 98 2033
460 37 58
461 25 3059
462 57 2138
463 82 7695
464 64 6056
465 96 2593
466 96 2463
467 79 1070
468 93 7793
469 63 3022
470 48 2428
471 95 3748
472 51 6280
473 36 420
474 74 348
475 58 8020
476 37 6743
477 66 2192
478 41 2477
479 29 2263
480 77 7890
481 49 7240
482 36 7789
483 93 7358
484 71 3580
485 66 1308
486 43 8634
487 96 4844
488 24 8120
489 21 1255
490 63 7155
491 55 4211
492 23 4831
493 47 6366
494 24 8376
495 39 3745
496 40 3061
497 35 4094
498 81 134
499 59 2939
500 63 811
501 68 8579
502 73 4224
503 93 5250
504 74 2801
505 44 5978
506 44 6375
507 83 6001
508 32 1375
509 25 7141
510 68 432
511 76 4696
512 26 543
513 89 3871
514 59 2133
515 69 5467
516 55 3511
517 70 7453
518 23 3362
519 83 1498
520 23 7375
521 71 6875
522 20 1380
523 69 8279
524 50 490
525 38 5350
526 66 5776
527 33 7329
528 38 8060
529 70 8765
530 33 7695
531 22 5829
532 55 135
533 73 6016
534 56 5560
535 75 821
536 96 8115
537 87 4657
538 54 1532
539 70 871
540 36 3594
541 23 28
542 87 3129
543 72 4103
544 55 134
545 74 9119
546 95 5910
547 60 4666
548 67 3374
549 34 8886
550 95 7440
551 24 7544
552 81 1779
553 60 7468
554 84 979
555 29 4707
556 55 4833
557 69 4932
558 31 5240
559 68 629
560 58 2458
561 36 5926
562 62 4243
563 84 4232
564 49 447
565 98 1967
566 45 6271
567 32 1946
568 59 2602
569 27 539
570 82 3545
571 27 3772
572 30 3072
573 51 6139
574 69 1565
575 23 8011
576 27 5904
577 21 6228
578 68 1856
579 21 8129
580 55 5590
581 94 3391
582 23 8825
583 21 3417
584 56 4942
585 62 369
586 85 859
587 81 3755
588 57 3926
589 58 3754
590 84 2092
591 43 1236
592 63 3452
593 88 1745
594 37 6115
595 74 1819
596 69 4404
597 86 2601
598 66 2792
599 37 5307
600 80 903
601 50 8308
602 25 8982
603 64 1239
604 39 8757
605 81 2594
606 43 8542
607 20 8593
608 78 720
609 24 4029
610 44 5243
611 22 8586
612 66 1102
613 21 568
614 93 7923
615 93 681
616 26 4433
617 96 6210
618 28 6712
619 72 6714
620 71 8254
621 61 1726
622 29 3315
623 82 5999
624 35 8979
625 38 3857
626 85 3379
627 26 595
628 80 860
629 60 7686
630 20 1727
631 97 2915
632 49 7343
633 47 4619
634 40 387
635 63 8068
636 80 853
637 69 1846
638 80 6152
639 90 8655
640 62 4340
641 80 4613
642 33 8786
643 60 3410
644 76 7393
645 21 2528
646 95 7940
647 75 7134
648 99 2920
649 75 5048
650 66 284
651 90 3797
652 84 5034
653 82 8547
654 63 1817
655 93 4568
656 46 1417
657 55 3217
658 44 773
659 37 7819
660 30 52
661 69 5481
662 85 3854
663 20 2620
664 41 687
665 99 6132
666 90 7487
667 81 1758
668 71 3168
669 28 4368
670 70 3790
671 28 3838
672 37 5224
673 30 1610
674 87 6723
675 25 416
676 84 5798
677 70 3028
678 57 7677
679 77 7459
680 55 3643
681 42 6791
682 82 1380
683 75 1769
684 30 3546
685 99 6448
686 66 3869
687 64 3621
688 61 1289
689 71 1498
690 85 3856
691 76 2063
692 91 3559
693 49 7437
694 57 4845
695 73 4789
696 24 7766
697 46 1923
698 72 4459
699 82 4162
700 22 1456
701 26 8407
702 40 8004
703 95 1765
704 58 1617
705 34 5616
706 36 6805
707 29 5847
708 52 634
709 83 3860
710 46 2109
711 66 4565
712 38 3625
713 78 4132
714 98 7288
715 72 5539
716 67 5187
717 69 3556
718 74 3924
719 30 4978
720 33 2492
721 29 8371
722 20 1837
723 87 3362
724 98 9086
725 73 3337
726 61 5830
727 71 2073
728 60 3584
729 48 7007
730 86 6911
731 38 6530
732 72 4404
733 29 1995
734 87 8790
735 75 6592
736 34 3357
737 55 4291
738 92 8540
739 69 430
740 69 8046
741 40 7059
742 20 2231
743 29 5331
744 31 641
745 72 3357
746 74 3343
747 45 470
748 55 1988
749 75 8218
750 33 6854
751 41 9085
752 88 8181
753 36 7368
754 36 1631
755 97 7785
756 63 7425
757 53 5133
758 68 2761
759 79 2219
760 94 5905
761 92 7772
762 64 6974
763 34 8262
764 83 4460
765 25 7719
766 29 408
767 50 5709
768 97 6821
769 48 4317
770 30 8771
771 53 1240
772 94 195
773 94 2384
774 59 3098
775 41 2989
776 83 8372
777 98 1995
778 60 7612
779 97 8952
780 38 2678
781 91 96
782 31 7063
783 53 9012
784 24 441
785 72 8371
786 86 3575
787 86 1173
788 27 3236
789 50 1856
790 39 5718
791 43 3962
792 76 2569
793 32 464
794 20 2709
795 46 627
796 59 1937
797 47 6427
798 21 7602
799 82 804
800 91 216
801 50 7334
802 85 4453
803 58 1807
804 74 1649
805 46 3193
806 62 6846
807 62 9093
808 88 7863
809 80 2435
810 56 7669
811 53 4041
812 79 4331
813 87 1925
814 75 6297
815 50 2380
816 75 2971
817 28 1389
818 83 6486
819 62 7424
820 69 1467
821 21 6262
822 24 7106
823 44 3181
824 36 3200
825 48 2016
826 48 8571
827 24 8596
828 28 3204
829 53 3431
830 24 5893
831 57 965
832 63 4053
833 79 2546
834 37 2774
835 87 8183
836 57 8937
837 90 8518
838 86 1367
839 55 2151
840 54 6400
841 61 5351
842 38 73
843 78 6535
844 86 5707
845 31 5190
846 49 5890
847 32 5577
848 75 3698
849 75 896
850 37 1119
851 34 4621
852 96 3655
853 38 8411
854 69 3690
855 31 375
856 99 3168
857 71 7944
858 59 2710
859 63 2192
860 37 2001
861 70 6136
862 22 3003
863 59 2536
864 98 7088
865 50 3633
866 89 127
867 32 6631
868 99 757
869 62 199
870 89 1129
871 36 7979
872 81 1509
873 86 1986
874 86 8782
875 50 7872
876 28 8957
877 70 1839
878 93 4131
879 45 3311
880 85 2764
881 28 6965
882 58 4872
883 30 7751
884 84 3162
885 43 7753
886 96 6838
887 42 5254
888 75 1103
889 73 8903
890 67 4811
891 23 2574
892 89 4978
893 56 827
894 38 3885
895 95 8640
896 99 443
897 88 1508
898 63 3715
899 82 6009
900 45 8742
901 22 3869
902 74 8056
903 20 8042
904 48 2994
905 41 8502
906 41 6526
907 35 6795
908 99 2478
909 75 4794
910 96 5310
911 73 2978
912 49 2689
913 76 375
914 20 6728
915 41 2740
916 70 2377
917 90 843
918 29 2824
919 79 7786
920 88 2227
921 57 3809
922 87 5596
923 76 4854
924 28 356
925 56 275
926 41 7754
927 96 5907
928 98 2179
929 54 6829
930 76 3927
931 24 2530
932 50 5917
933 66 2961
934 57 4310
935 40 8608
936 99 5354
937 99 2852
938 59 4294
939 88 8779
940 94 2795
941 89 4110
942 23 7343
943 32 1754
944 94 846
945 58 2219
946 23 4379
947 46 7608
948 22 7618
949 21 6969
950 50 585
951 90 6781
952 51 6569
953 62 5835
954 58 2356
955 47 773
956 57 1128
957 31 8377
958 98 2835
959 69 1091
960 94 6976
961 44 8220
962 97 562
963 24 7373
964 47 1535
965 55 7811
966 81 2923
967 83 1223
968 59 1583
969 88 2784
970 54 3920
971 28 2917
972 88 8636
973 28 3210
974 64 5024
975 32 6502
976 22 1207
977 63 4528
978 41 4205
979 29 5697
980 35 4608
981 24 6464
982 77 1045
983 67 695
984 79 8698
985 97 8927
986 49 2957
987 43 820
988 20 2627
989 82 6617
990 45 2332
991 76 5495
992 53 3080
993 61 1052
994 48 7202
995 81 803
996 72 2090
997 40 3065
998 61 1295
999 41 731
1000 54 8165
