NOP: 1000
NINT: 50
0 48 49
48 97 50
97 149 49
149 189 48
189 249 47
249 285 46
285 333 45
333 367 44
367 422 43
422 477 42
477 516 41
516 563 40
563 601 39
601 654 38
654 709 37
709 758 36
758 805 35
805 838 34
838 872 33
872 910 32
910 958 31
958 992 30
992 1032 29
1032 1059 28
1059 1111 27
1111 1155 26
1155 1200 25
1200 1246 24
1246 1294 23
1294 1360 22
1360 1408 21
1408 1446 20
1446 1484 19
1484 1541 18
1541 1585 17
1585 1618 16
1618 1656 15
1656 1693 14
1693 1738 13
1738 1795 12
1795 1829 11
1829 1888 10
1888 1916 9
1916 1953 8
1953 2002 7
2002 2041 6
2041 2085 5
2085 2131 4
2131 2171 3
2171 300000 2
1 41 1125
2 25 2240
3 70 851
4 22 1616
5 20 492
6 21 1339
7 30 1832
8 66 1154
9 59 1589
10 26 2223
11 79 1103
12 97 1903
13 74 2200
14 21 61
15 99 1039
16 38 466
17 75 1516
18 68 930
19 44 931
20 94 1251
21 25 2169
22 27 1456
23 67 504
24 38 683
25 52 1936
26 26 1230
27 99 526
28 65 823
29 54 841
30 81 758
31 84 371
32 59 136
33 32 126
34 44 1945
35 66 743
36 78 1940
37 77 588
38 91 620
39 69 2211
40 48 1838
41 62 1085
42 91 2034
43 30 1088
44 27 1936
45 90 772
46 43 2018
47 74 453
48 53 975
49 59 1795
50 79 2122
51 47 1162
52 34 1113
53 36 963
54 38 1240
55 58 1683
56 48 414
57 33 1374
58 85 778
59 50 1899
60 26 403
61 28 1306
62 31 2120
63 94 1454
64 98 1290
65 48 530
66 84 1928
67 87 2094
68 38 1678
69 95 227
70 35 1840
71 33 1608
72 85 659
73 57 876
74 81 419
75 92 976
76 95 1208
77 87 1775
78 92 411
79 21 876
80 77 878
81 28 1644
82 85 1848
83 93 98
84 85 1136
85 42 1532
86 90 1562
87 84 150
88 90 117
89 37 1007
90 80 632
91 92 595
92 41 1438
93 40 312
94 61 1627
95 42 1829
96 50 464
97 30 2116
98 30 1961
99 93 851
100 76 803
101 80 1934
102 74 2232
103 85 331
104 44 866
105 64 631
106 47 321
107 65 1173
108 35 898
109 64 1714
110 87 2222
111 99 265
112 99 1496
113 23 974
114 84 2212
115 21 1827
116 66 507
117 42 1072
118 61 222
119 90 651
120 35 899
121 85 653
122 48 2126
123 66 944
124 33 1890
125 99 1719
126 26 2110
127 83 858
128 21 1883
129 53 1466
130 46 926
131 81 898
132 89 229
133 78 885
134 61 474
135 26 932
136 60 1314
137 98 146
138 51 1232
139 38 2015
140 90 870
141 74 2124
142 68 1366
143 86 2031
144 42 1796
145 63 1105
146 54 57
147 54 1581
148 39 340
149 97 1441
150 80 522
151 91 1117
152 73 1538
153 20 686
154 43 1493
155 23 892
156 86 2219
157 60 649
158 25 1860
159 28 1010
160 58 891
161 57 2130
162 37 1598
163 87 1659
164 97 1964
165 87 315
166 73 1488
167 80 1813
168 59 486
169 36 1249
170 56 1003
171 65 1457
172 38 444
173 84 1248
174 93 1867
175 33 435
176 50 1608
177 91 767
178 34 1089
179 42 494
180 94 1176
181 32 605
182 65 1663
183 20 1399
184 56 653
185 83 203
186 80 1803
187 32 1378
188 42 1483
189 22 647
190 88 481
191 23 2030
192 50 1131
193 21 25
194 48 209
195 21 1081
196 53 956
197 65 409
198 55 1827
199 79 1282
200 61 995
201 39 1590
202 53 56
203 85 626
204 90 511
205 31 1958
206 28 2023
207 67 1607
208 30 1842
209 20 1659
210 48 621
211 24 725
212 53 1191
213 26 323
214 56 1905
215 73 1959
216 48 499
217 34 352
218 90 1253
219 68 2140
220 51 2204
221 80 192
222 74 1700
223 60 1508
224 64 2106
225 70 319
226 96 403
227 37 429
228 21 208
229 51 1573
230 74 173
231 58 1988
232 81 420
233 85 1132
234 95 1483
235 59 1907
236 32 2131
237 50 1286
238 40 2153
239 60 922
240 44 2009
241 65 1685
242 39 1828
243 55 1649
244 46 1325
245 92 158
246 81 492
247 48 1752
248 44 123
249 94 1953
250 64 1267
251 21 609
252 73 799
253 97 1217
254 24 1644
255 82 1530
256 31 1946
257 54 1398
258 49 435
259 82 340
260 56 1893
261 45 344
262 53 391
263 61 532
264 79 1050
265 20 185
266 44 109
267 97 1892
268 27 2240
269 73 168
270 54 971
271 88 864
272 60 1758
273 29 378
274 32 1349
275 96 238
276 83 521
277 20 876
278 32 2060
279 21 2236
280 74 1757
281 33 1201
282 61 1380
283 66 1458
284 30 431
285 44 52
286 77 1344
287 43 520
288 76 258
289 59 497
290 68 93
291 25 884
292 50 1573
293 25 1479
294 63 1634
295 25 1080
296 89 251
297 36 435
298 23 135
299 34 1787
300 37 1838
301 47 2020
302 79 398
303 93 429
304 36 1405
305 95 1783
306 86 1229
307 66 1252
308 25 1800
309 92 1155
310 45 1218
311 79 468
312 78 287
313 28 635
314 77 535
315 49 1365
316 80 1510
317 49 2082
318 89 2170
319 89 548
320 60 1667
321 84 866
322 62 1164
323 50 1801
324 32 1451
325 68 994
326 58 101
327 83 1706
328 27 1694
329 28 2208
330 21 1916
331 47 198
332 23 495
333 91 1224
334 42 1169
335 58 420
336 21 505
337 94 1210
338 66 787
339 98 2005
340 93 1245
341 52 480
342 91 774
343 78 825
344 52 1549
345 54 1988
346 20 574
347 36 982
348 37 1235
349 46 1628
350 68 1175
351 38 1339
352 64 1330
353 57 1617
354 54 1868
355 21 199
356 76 1898
357 48 1122
358 44 1852
359 78 1724
360 50 218
361 71 1529
362 89 2084
363 60 1080
364 71 1077
365 29 1097
366 56 1221
367 37 426
368 50 970
369 98 872
370 23 1119
371 68 1638
372 98 655
373 76 940
374 88 302
375 31 2214
376 86 1573
377 82 880
378 48 2135
379 97 263
380 56 1823
381 30 1888
382 88 903
383 84 1124
384 98 2037
385 62 247
386 76 1287
387 95 2042
388 73 408
389 20 871
390 20 76
391 30 1544
392 23 1895
393 64 1063
394 94 2244
395 45 1515
396 21 559
397 33 1446
398 73 2206
399 35 553
400 93 1911
401 24 1597
402 39 1246
403 92 1859
404 65 646
405 85 1950
406 60 1638
407 59 1308
408 65 468
409 57 806
410 68 249
411 36 1902
412 82 1947
413 89 1979
414 35 1274
415 64 1980
416 42 1673
417 32 1731
418 21 155
419 96 1415
420 97 1327
421 69 2008
422 88 1977
423 67 230
424 95 1342
425 76 616
426 44 2150
427 83 2178
428 57 924
429 59 1131
430 61 1228
431 64 519
432 31 157
433 53 929
434 28 1629
435 46 2172
436 48 668
437 74 899
438 61 271
439 49 1051
440 35 1259
441 69 2241
442 28 1528
443 42 1547
444 40 1263
445 55 1804
446 80 1009
447 77 296
448 91 943
449 58 711
450 77 1272
451 97 846
452 51 737
453 53 272
454 83 2110
455 68 915
456 30 1030
457 95 927
458 88 2083
459 52 1591
460 40 921
461 71 1592
462 72 342
463 94 1559
464 28 957
465 70 925
466 59 941
467 86 1131
468 34 1570
469 72 603
470 40 998
471 79 2112
472 89 495
473 49 1409
474 78 2089
475 67 128
476 97 307
477 96 582
478 50 1758
479 62 382
480 96 110
481 47 1296
482 87 678
483 64 1019
484 67 796
485 73 682
486 62 231
487 95 1671
488 65 1392
489 47 286
490 52 1748
491 35 415
492 38 741
493 81 115
494 59 485
495 76 269
496 61 527
497 82 150
498 32 610
499 67 1862
500 41 683
501 76 1401
502 48 1965
503 97 210
504 53 1478
505 89 998
506 71 2249
507 49 247
508 35 1349
509 25 1007
510 59 943
511 75 1106
512 78 497
513 95 232
514 93 1567
515 74 1849
516 25 1244
517 22 1976
518 86 193
519 68 1187
520 64 1174
521 54 848
522 68 563
523 56 2096
524 33 999
525 82 852
526 99 1464
527 75 1851
528 61 392
529 85 809
530 65 217
531 24 556
532 33 254
533 93 777
534 28 787
535 97 1882
536 38 291
537 80 1175
538 62 317
539 93 212
540 20 1713
541 86 340
542 85 1557
543 81 566
544 76 1106
545 27 776
546 72 134
547 91 685
548 82 1171
549 55 1188
550 73 1758
551 90 297
552 87 354
553 78 1467
554 95 2177
555 61 466
556 30 2231
557 98 2220
558 35 1268
559 30 1968
560 41 532
561 89 1943
562 31 434
563 78 2087
564 90 1115
565 28 1544
566 48 1530
567 98 425
568 63 1493
569 58 2116
570 44 1721
571 43 1826
572 75 1377
573 85 147
574 20 425
575 63 887
576 56 646
577 57 2119
578 56 301
579 77 1394
580 42 1407
581 60 2055
582 51 472
583 46 1922
584 70 284
585 72 445
586 96 1893
587 85 1408
588 47 2080
589 37 2168
590 50 1864
591 60 2025
592 44 1478
593 62 746
594 34 258
595 60 1380
596 59 1893
597 55 1005
598 27 882
599 96 2043
600 88 1606
601 51 708
602 66 914
603 81 1619
604 54 820
605 35 1859
606 49 655
607 62 1190
608 54 1583
609 59 936
610 98 1309
611 45 2174
612 69 941
613 34 723
614 73 1367
615 44 1463
616 52 279
617 59 1184
618 72 594
619 37 353
620 50 1738
621 68 1646
622 35 1918
623 33 1590
624 82 2237
625 59 486
626 43 197
627 32 2103
628 94 619
629 23 1468
630 55 1629
631 28 1885
632 55 1555
633 26 1753
634 68 1966
635 97 1589
636 30 317
637 30 1594
638 46 638
639 87 1005
640 56 85
641 82 1392
642 37 1087
643 89 1114
644 96 1546
645 53 1653
646 69 2159
647 59 893
648 35 557
649 96 964
650 84 738
651 59 414
652 73 1252
653 94 2024
654 29 278
655 86 951
656 37 2220
657 51 1247
658 25 1196
659 54 635
660 40 827
661 55 1617
662 78 2124
663 63 2071
664 21 786
665 93 2194
666 65 1035
667 91 2020
668 39 106
669 77 782
670 87 1514
671 67 204
672 98 1838
673 91 465
674 22 65
675 84 2032
676 70 1392
677 65 1163
678 91 859
679 32 1370
680 78 234
681 37 1178
682 86 1435
683 36 694
684 24 1609
685 43 626
686 84 1686
687 81 1005
688 70 342
689 71 574
690 69 94
691 60 541
692 44 1528
693 94 1958
694 58 691
695 96 1424
696 30 530
697 42 1963
698 45 949
699 80 618
700 96 1818
701 45 346
702 61 343
703 74 1330
704 38 1454
705 46 1771
706 39 2026
707 28 1838
708 31 970
709 55 1875
710 74 2033
711 93 887
712 38 458
713 78 1848
714 44 832
715 69 2015
716 70 458
717 54 570
718 71 1967
719 74 1848
720 97 1019
721 48 1085
722 59 2017
723 32 342
724 64 2009
725 31 199
726 70 1287
727 20 1065
728 66 527
729 75 478
730 64 1758
731 69 1432
732 91 1428
733 78 487
734 42 47
735 65 354
736 92 1653
737 48 915
738 85 1898
739 74 832
740 77 1470
741 51 1703
742 41 873
743 26 948
744 54 949
745 75 91
746 91 281
747 48 1185
748 75 240
749 20 333
750 88 813
751 62 1865
752 85 889
753 84 1436
754 81 1481
755 31 2157
756 63 1264
757 22 1569
758 61 1766
759 91 1111
760 82 1435
761 45 544
762 80 766
763 31 1935
764 61 1514
765 75 2228
766 20 1243
767 97 388
768 60 242
769 68 993
770 94 629
771 81 995
772 46 1184
773 94 328
774 90 2196
775 64 748
776 58 1615
777 96 1848
778 68 2172
779 26 1327
780 49 1572
781 20 1148
782 81 1008
783 84 816
784 63 1872
785 91 1124
786 52 635
787 73 2110
788 71 1247
789 99 1170
790 86 1566
791 32 568
792 35 844
793 80 1325
794 45 2080
795 61 1623
796 67 1166
797 56 1427
798 65 517
799 86 1747
800 72 1016
801 33 376
802 51 1311
803 90 1034
804 48 1585
805 82 542
806 28 456
807 41 1604
808 32 302
809 81 2234
810 58 2101
811 28 2086
812 31 210
813 27 987
814 88 1167
815 78 1968
816 75 240
817 68 1687
818 61 1038
819 57 116
820 31 1087
821 98 1179
822 60 191
823 54 2044
824 90 739
825 50 1749
826 47 1708
827 71 746
828 90 333
829 21 546
830 30 261
831 99 954
832 26 373
833 73 757
834 47 98
835 65 1972
836 24 1662
837 32 52
838 25 40
839 32 328
840 84 2078
841 87 161
842 36 1262
843 50 1629
844 82 957
845 20 62
846 33 1648
847 78 1035
848 62 116
849 21 660
850 96 1310
851 21 1122
852 48 206
853 70 826
854 21 86
855 77 485
856 30 1053
857 36 229
858 83 530
859 50 2062
860 25 1922
861 61 1186
862 75 395
863 66 2195
864 77 101
865 83 1069
866 80 1212
867 65 1136
868 31 2048
869 85 1214
870 63 850
871 76 1049
872 38 1632
873 96 1131
874 35 495
875 93 110
876 69 1249
877 89 677
878 24 2048
879 45 1032
880 44 1044
881 90 481
882 94 1361
883 27 1278
884 45 2222
885 44 1931
886 61 2086
887 76 1729
888 89 1688
889 84 1366
890 74 1153
891 83 1714
892 62 476
893 90 2085
894 89 1975
895 88 1717
896 50 1048
897 45 507
898 20 1008
899 20 1686
900 83 1533
901 42 736
902 98 1445
903 55 890
904 22 138
905 99 1841
906 80 1105
907 44 1924
908 88 317
909 51 267
910 22 954
911 25 977
912 46 2173
913 79 1751
914 40 977
915 69 2024
916 34 496
917 67 592
918 86 620
919 56 959
920 72 2226
921 43 740
922 92 2195
923 77 1489
924 68 1351
925 75 1492
926 53 2055
927 96 1430
928 68 330
929 70 1473
930 71 811
931 86 1203
932 45 1278
933 67 1076
934 63 1499
935 57 156
936 86 1116
937 32 765
938 92 766
939 55 1004
940 90 2129
941 98 263
942 71 293
943 31 1256
944 32 1229
945 74 1161
946 89 430
947 66 1611
948 31 2065
949 35 1727
950 39 1736
951 59 59
952 65 348
953 70 1534
954 53 1002
955 24 1825
956 79 773
957 40 728
958 97 1747
959 22 2034
960 41 2235
961 59 2220
962 24 865
963 99 2038
964 54 1320
965 33 600
966 92 155
967 45 78
968 55 1491
969 23 1935
970 44 2054
971 42 1058
972 32 1773
973 72 1820
974 32 1357
975 43 1948
976 87 1932
977 98 231
978 92 745
979 99 2202
980 35 458
981 63 209
982 79 440
983 35 567
984 75 2151
985 92 149
986 41 788
987 97 2061
988 35 50
989 41 70
990 25 1100
991 75 78
992 48 350
993 51 447
994 36 54
995 87 1132
996 57 1729
997 30 267
998 75 414
999 39 1951
1000 67 1193
