NOP: 1000
NINT: 51
0 83 8
83 169 9
169 230 10
230 297 11
297 384 12
384 451 13
451 519 14
519 583 15
583 662 16
662 728 17
728 798 18
798 886 19
886 945 20
945 1027 21
1027 1092 22
1092 1154 23
1154 1220 24
1220 1286 25
1286 1346 26
1346 1427 27
1427 1502 28
1502 1598 29
1598 1642 30
1642 1708 29
1708 1776 28
1776 1832 27
1832 1908 26
1908 1966 25
1966 2015 24
2015 2105 23
2105 2180 22
2180 2236 21
2236 2284 20
2284 2356 19
2356 2450 18
2450 2534 17
2534 2631 16
2631 2711 15
2711 2762 14
2762 2838 13
2838 2902 12
2902 2977 11
2977 3041 10
3041 3124 9
3124 3186 8
3186 3274 7
3274 3333 6
3333 3405 5
3405 3496 4
3496 3573 3
3573 300000 2
1 86 3436
2 49 1280
3 66 146
4 45 1337
5 59 2196
6 95 2965
7 81 2940
8 61 2503
9 66 1657
10 20 3102
11 87 1537
12 89 2520
13 84 890
14 93 2195
15 24 358
16 33 904
17 83 3256
18 25 170
19 76 1138
20 32 3549
21 60 233
22 59 310
23 46 1748
24 27 3163
25 76 3465
26 41 1108
27 25 1690
28 33 3259
29 67 442
30 51 265
31 50 1788
32 62 484
33 47 2856
34 34 114
35 98 2536
36 71 1684
37 44 1907
38 23 1607
39 55 670
40 49 2616
41 40 3365
42 69 1459
43 74 1862
44 45 2143
45 52 179
46 80 3460
47 95 2848
48 77 2994
49 34 113
50 84 1027
51 89 2268
52 69 377
53 91 1525
54 58 2371
55 69 3203
56 96 3529
57 94 2726
58 69 231
59 62 1603
60 29 2626
61 98 2472
62 72 3034
63 27 3246
64 72 1551
65 62 1492
66 42 2150
67 73 2139
68 40 78
69 66 1625
70 41 3222
71 89 597
72 33 2828
73 88 3199
74 52 523
75 78 821
76 98 455
77 98 3361
78 40 1577
79 50 2820
80 38 1269
81 62 2377
82 81 2236
83 54 74
84 83 3042
85 25 1340
86 48 2664
87 70 2159
88 22 2623
89 55 1902
90 90 1177
91 98 605
92 50 2862
93 85 1293
94 98 1869
95 81 2069
96 91 3462
97 27 3376
98 96 3495
99 77 421
100 63 791
101 70 1576
102 90 931
103 94 1041
104 84 1776
105 41 306
106 23 1769
107 59 1670
108 74 1122
109 57 2951
110 21 395
111 39 1175
112 28 1064
113 48 1372
114 97 1458
115 59 1704
116 78 3486
117 30 3432
118 26 1054
119 70 3159
120 65 2919
121 21 1012
122 91 1642
123 37 965
124 34 60
125 22 1078
126 94 1500
127 54 1234
128 96 2197
129 83 406
130 95 786
131 47 2043
132 84 1496
133 31 428
134 75 1313
135 99 1727
136 64 807
137 82 1888
138 81 354
139 32 1524
140 31 815
141 31 1461
142 38 2259
143 37 181
144 49 123
145 72 2385
146 81 923
147 65 2534
148 95 2685
149 21 2682
150 48 1718
151 38 3529
152 74 3536
153 38 2302
154 33 3256
155 91 452
156 57 3304
157 50 2948
158 33 2239
159 46 1752
160 36 2406
161 59 1419
162 33 1542
163 51 2652
164 56 3163
165 61 3140
166 68 611
167 31 2310
168 43 3300
169 22 2886
170 95 3370
171 92 3437
172 34 168
173 91 1422
174 65 1461
175 84 2025
176 79 3237
177 54 2371
178 95 751
179 55 1421
180 58 277
181 85 1777
182 32 3569
183 97 2916
184 96 1704
185 70 3527
186 65 1344
187 64 1413
188 48 2682
189 91 1406
190 89 2952
191 74 138
192 85 3458
193 55 1430
194 52 1323
195 29 696
196 64 3073
197 45 1807
198 97 1700
199 82 3229
200 45 1850
201 56 817
202 70 2018
203 22 1231
204 71 3182
205 78 1934
206 67 3474
207 30 3198
208 35 760
209 41 3301
210 76 3070
211 87 2589
212 47 1058
213 98 2121
214 27 2049
215 60 2638
216 46 1904
217 75 3489
218 66 1834
219 75 2940
220 78 2953
221 55 1147
222 49 1992
223 65 2596
224 81 836
225 78 2630
226 35 3006
227 73 1673
228 72 1507
229 40 1301
230 81 1621
231 69 1098
232 88 523
233 35 2810
234 67 503
235 84 1405
236 52 2264
237 51 2513
238 86 297
239 55 2505
240 59 1780
241 89 2201
242 33 2456
243 48 1745
244 46 2358
245 44 2438
246 85 540
247 44 3164
248 51 1472
249 33 1721
250 68 1052
251 65 398
252 91 636
253 30 3069
254 86 1568
255 91 1681
256 50 3012
257 75 1994
258 56 3355
259 89 483
260 73 431
261 95 1753
262 60 1863
263 61 798
264 23 935
265 69 1896
266 48 1872
267 37 1655
268 29 2806
269 49 2599
270 66 3231
271 32 1530
272 40 2705
273 36 1150
274 54 1752
275 53 1275
276 51 2148
277 67 2785
278 58 2850
279 98 1428
280 91 204
281 70 1951
282 66 3020
283 46 2098
284 30 1153
285 51 2072
286 58 994
287 57 1238
288 29 1468
289 63 873
290 54 2942
291 25 588
292 36 2891
293 88 3118
294 82 2561
295 88 1675
296 81 2480
297 95 2944
298 57 1403
299 96 1168
300 92 1446
301 54 1448
302 34 2136
303 91 458
304 95 1306
305 50 1427
306 57 3160
307 75 2617
308 41 1611
309 28 2837
310 64 3186
311 31 1968
312 77 1877
313 82 1156
314 55 370
315 70 898
316 37 596
317 76 2668
318 22 527
319 35 2262
320 87 2342
321 37 2356
322 71 1508
323 57 718
324 88 2567
325 21 3550
326 38 3291
327 71 1552
328 89 1861
329 98 1355
330 54 2735
331 41 446
332 20 3437
333 44 2094
334 82 331
335 59 1232
336 31 2414
337 83 639
338 53 2564
339 33 1740
340 74 2368
341 48 1961
342 96 225
343 40 3083
344 71 1316
345 83 1111
346 93 1989
347 62 616
348 30 2348
349 82 194
350 51 2867
351 82 867
352 69 2515
353 44 1106
354 34 1221
355 84 2859
356 92 3462
357 43 1410
358 73 229
359 91 2481
360 69 2237
361 74 387
362 89 1315
363 96 1267
364 49 1920
365 31 83
366 96 2914
367 51 785
368 40 973
369 35 3352
370 78 1534
371 79 2617
372 21 3417
373 29 2040
374 46 2867
375 41 1381
376 33 480
377 82 2463
378 24 992
379 43 2079
380 94 2626
381 33 449
382 58 2325
383 67 1701
384 78 813
385 72 1050
386 60 3289
387 98 869
388 67 489
389 34 2859
390 40 1332
391 88 2657
392 70 1943
393 34 1705
394 56 1661
395 28 2261
396 94 3087
397 92 2675
398 44 1186
399 93 1183
400 69 1670
401 81 1939
402 24 2008
403 34 2057
404 88 2339
405 87 3317
406 40 3330
407 42 1142
408 93 2070
409 30 2941
410 38 2604
411 96 3394
412 44 3131
413 47 2965
414 88 3076
415 48 3124
416 34 2734
417 80 2247
418 88 969
419 91 1456
420 49 284
421 77 3000
422 33 2000
423 75 304
424 97 1256
425 39 673
426 48 1613
427 77 3345
428 65 1296
429 86 2041
430 58 3205
431 71 2729
432 62 2064
433 20 939
434 28 615
435 80 205
436 77 311
437 51 2897
438 30 757
439 47 2376
440 48 80
441 49 3476
442 92 2166
443 23 833
444 73 594
445 29 2074
446 89 2880
447 79 217
448 59 684
449 54 397
450 82 3501
451 58 2134
452 85 1582
453 32 3066
454 44 678
455 35 1655
456 88 2809
457 62 3149
458 97 1322
459 96 3393
460 59 3239
461 70 1495
462 62 3238
463 65 1752
464 53 304
465 99 1698
466 96 2962
467 80 701
468 26 1642
469 36 1018
470 65 3407
471 39 845
472 33 3545
473 87 321
474 59 1760
475 52 1038
476 54 2167
477 60 2210
478 55 2112
479 46 1815
480 46 2592
481 42 158
482 31 959
483 57 655
484 77 2445
485 44 2966
486 47 3412
487 83 1456
488 69 2252
489 54 2202
490 98 3049
491 72 235
492 69 463
493 35 2663
494 49 2918
495 61 986
496 36 1776
497 32 2733
498 57 817
499 40 700
500 36 1671
501 35 457
502 78 3387
503 25 3432
504 80 3101
505 85 3461
506 56 1204
507 93 325
508 86 3186
509 45 1798
510 41 2913
511 82 2555
512 35 2100
513 38 3214
514 50 549
515 70 3557
516 81 3422
517 52 561
518 27 3371
519 53 1201
520 50 610
521 33 1916
522 51 1733
523 69 805
524 56 2790
525 31 76
526 27 1050
527 91 3568
528 69 2004
529 92 2694
530 36 2222
531 26 968
532 61 764
533 76 1453
534 50 730
535 99 3314
536 65 71
537 99 124
538 42 1374
539 84 2169
540 79 2399
541 89 1191
542 82 132
543 50 3404
544 84 192
545 20 880
546 98 2031
547 81 3242
548 81 1061
549 59 3150
550 83 3497
551 74 584
552 87 1214
553 65 77
554 41 1202
555 53 797
556 94 1408
557 48 2768
558 58 3355
559 28 2400
560 21 3144
561 90 914
562 26 1468
563 56 2868
564 29 2007
565 87 1478
566 54 3294
567 87 1228
568 48 2286
569 95 868
570 96 2369
571 38 1872
572 54 2814
573 31 691
574 67 2585
575 61 189
576 95 3137
577 53 879
578 73 1707
579 23 582
580 94 1982
581 99 2341
582 41 1950
583 66 1588
584 58 934
585 53 2413
586 77 3342
587 39 2823
588 28 59
589 93 231
590 56 3280
591 53 2973
592 76 1798
593 52 1232
594 22 3536
595 27 3070
596 69 2503
597 45 3549
598 65 3060
599 25 2340
600 57 1002
601 68 2307
602 89 633
603 30 1033
604 71 1563
605 82 3450
606 94 2360
607 99 1273
608 71 108
609 81 3086
610 60 3053
611 66 3185
612 85 1043
613 23 2760
614 51 3354
615 33 1594
616 48 371
617 81 2103
618 99 1774
619 59 2987
620 86 812
621 77 144
622 98 3467
623 33 738
624 26 125
625 91 508
626 54 2542
627 55 1409
628 71 902
629 65 1677
630 38 2469
631 99 658
632 77 871
633 77 3180
634 67 1022
635 49 130
636 53 2540
637 20 1737
638 53 2532
639 89 2956
640 97 381
641 99 669
642 21 1731
643 60 2093
644 26 1255
645 60 3566
646 20 1335
647 94 473
648 84 2072
649 99 2793
650 36 3416
651 42 1718
652 79 879
653 36 465
654 89 1530
655 23 111
656 52 1345
657 91 2513
658 61 3272
659 59 2154
660 45 2901
661 89 1285
662 93 1060
663 58 3449
664 69 1035
665 24 310
666 28 2106
667 75 3050
668 95 2078
669 55 863
670 33 1930
671 91 479
672 30 2371
673 27 544
674 78 1570
675 68 1260
676 81 98
677 59 3437
678 31 420
679 91 2603
680 95 2634
681 57 2934
682 49 2918
683 66 2079
684 25 2201
685 86 426
686 45 2184
687 62 3173
688 56 1174
689 91 1884
690 72 1593
691 79 1549
692 97 3566
693 72 2346
694 63 2324
695 55 3419
696 92 2290
697 62 930
698 34 3083
699 70 159
700 41 3254
701 73 1761
702 33 2153
703 81 453
704 69 3429
705 84 3389
706 22 467
707 52 91
708 50 398
709 91 983
710 96 2324
711 62 517
712 51 2024
713 98 1739
714 85 2856
715 29 2420
716 76 3463
717 61 2116
718 76 738
719 84 627
720 97 1140
721 81 2985
722 93 2600
723 95 1252
724 73 2196
725 71 1306
726 88 3241
727 42 1968
728 20 2309
729 35 1173
730 53 2022
731 52 1588
732 28 736
733 35 2793
734 23 2350
735 35 1531
736 73 2875
737 89 2962
738 37 1558
739 93 753
740 64 2006
741 69 862
742 53 2814
743 96 2435
744 37 1796
745 71 1974
746 73 1390
747 68 3385
748 82 388
749 92 464
750 99 2588
751 81 1582
752 36 1152
753 80 1432
754 34 1070
755 82 3557
756 69 1797
757 95 2554
758 39 3553
759 20 3335
760 49 3449
761 53 1172
762 89 931
763 35 1305
764 27 2443
765 36 2925
766 82 1207
767 87 900
768 53 642
769 38 1132
770 38 3107
771 27 3470
772 67 1599
773 74 1659
774 36 1191
775 53 1634
776 58 280
777 83 3262
778 95 1896
779 49 2316
780 36 2998
781 46 295
782 42 477
783 98 2890
784 58 793
785 79 1293
786 55 3028
787 69 1998
788 46 604
789 32 3508
790 23 1363
791 59 2274
792 69 3225
793 43 2981
794 34 2439
795 67 1959
796 40 3143
797 33 2286
798 26 2615
799 63 1606
800 89 2786
801 28 1870
802 76 746
803 38 1168
804 89 1072
805 73 723
806 54 2173
807 23 332
808 87 1683
809 43 2517
810 84 2682
811 97 2969
812 48 1586
813 67 1425
814 80 3522
815 55 2918
816 74 1666
817 20 2534
818 92 526
819 90 3521
820 72 3520
821 62 3140
822 95 2312
823 35 1854
824 60 1638
825 59 3013
826 90 3270
827 41 2186
828 50 3404
829 64 2705
830 95 2040
831 35 1501
832 77 2810
833 63 473
834 43 991
835 23 2265
836 44 1406
837 62 1445
838 71 3393
839 93 2074
840 22 1735
841 39 1737
842 61 1916
843 42 739
844 42 933
845 72 2931
846 84 688
847 72 1021
848 50 1613
849 54 513
850 41 1741
851 59 1030
852 53 2356
853 89 341
854 24 2432
855 94 2384
856 92 3154
857 45 1109
858 97 768
859 21 1907
860 75 2522
861 41 1662
862 68 3369
863 87 1306
864 95 1018
865 52 1963
866 43 1271
867 86 1630
868 92 1583
869 29 1333
870 85 2426
871 24 1762
872 94 766
873 82 612
874 99 3431
875 65 1580
876 85 2062
877 50 2043
878 94 3184
879 37 1353
880 68 1861
881 49 755
882 90 2238
883 49 266
884 43 69
885 76 1758
886 89 1986
887 90 2947
888 27 2814
889 84 2412
890 64 1669
891 81 1498
892 64 821
893 20 566
894 63 484
895 43 433
896 80 1571
897 82 2956
898 38 1035
899 56 3360
900 92 3375
901 96 2776
902 55 307
903 57 321
904 44 1643
905 85 1537
906 45 328
907 45 1366
908 50 1701
909 58 1684
910 66 2962
911 52 1963
912 23 588
913 91 3017
914 58 944
915 65 2309
916 52 2164
917 99 295
918 70 3395
919 99 1974
920 72 2132
921 44 1310
922 81 448
923 55 226
924 91 1137
925 97 2836
926 49 131
927 81 2428
928 64 3029
929 41 3388
930 22 2542
931 48 2299
932 84 1657
933 87 446
934 85 1173
935 32 2379
936 35 2123
937 48 3141
938 23 1033
939 87 1282
940 27 1919
941 22 248
942 89 3020
943 81 2353
944 26 568
945 78 257
946 43 2319
947 22 1806
948 66 3424
949 57 142
950 35 3027
951 46 2756
952 34 1403
953 39 1031
954 54 202
955 77 1603
956 52 738
957 68 2934
958 44 2867
959 73 2296
960 45 1512
961 67 1938
962 34 241
963 88 2389
964 52 2306
965 59 544
966 90 3225
967 25 3454
968 51 845
969 39 2305
970 97 2157
971 25 1902
972 55 124
973 34 3199
974 36 2018
975 42 520
976 63 2899
977 99 2036
978 95 1598
979 73 1022
980 86 1116
981 32 1920
982 76 1834
983 56 751
984 70 618
985 41 2779
986 45 201
987 81 924
988 84 1051
989 25 1997
990 55 2350
991 57 2917
992 68 952
993 52 1578
994 56 1529
995 25 2364
996 72 316
997 93 1911
998 58 3219
999 73 1032
1000 26 912
