NOP: 1000
NINT: 55
0 35 44
35 72 45
72 108 46
108 142 47
142 202 48
202 229 49
229 259 50
259 294 49
294 343 48
343 373 47
373 423 46
423 461 45
461 500 44
500 535 43
535 563 42
563 620 41
620 661 40
661 696 39
696 743 38
743 784 37
784 821 36
821 859 35
859 901 34
901 948 33
948 988 32
988 1007 31
1007 1038 30
1038 1080 29
1080 1123 28
1123 1176 27
1176 1216 26
1216 1257 25
1257 1294 24
1294 1338 23
1338 1367 22
1367 1393 21
1393 1418 20
1418 1455 19
1455 1495 18
1495 1536 17
1536 1569 16
1569 1612 15
1612 1652 14
1652 1682 13
1682 1717 12
1717 1759 11
1759 1796 10
1796 1824 9
1824 1864 8
1864 1907 7
1907 1945 6
1945 1977 5
1977 2029 4
2029 2064 3
2064 300000 2
1 24 208
2 71 1666
3 82 751
4 48 1928
5 97 264
6 66 2070
7 28 654
8 31 89
9 36 1692
10 45 1423
11 44 360
12 70 252
13 51 1715
14 51 399
15 84 1022
16 26 1760
17 49 1480
18 40 1269
19 48 1445
20 31 1277
21 74 628
22 27 182
23 64 1027
24 47 1007
25 85 1925
26 76 1375
27 64 777
28 81 1256
29 49 61
30 39 560
31 67 1919
32 69 955
33 66 724
34 34 149
35 89 1294
36 79 1745
37 81 1923
38 70 781
39 83 2052
40 90 747
41 92 1856
42 25 86
43 23 295
44 20 2088
45 65 124
46 64 2037
47 51 236
48 76 1280
49 51 840
50 31 1624
51 62 1465
52 26 756
53 88 1380
54 40 918
55 85 1300
56 54 356
57 85 719
58 75 1063
59 31 87
60 84 1580
61 49 1541
62 33 1807
63 50 1131
64 76 521
65 55 1314
66 60 1232
67 25 355
68 47 451
69 50 1392
70 84 153
71 39 1917
72 28 1847
73 59 1265
74 57 712
75 38 1537
76 62 252
77 22 392
78 57 254
79 32 1311
80 77 1742
81 80 1992
82 74 1402
83 29 1201
84 48 1859
85 25 514
86 22 1697
87 43 1678
88 62 62
89 59 962
90 98 953
91 69 513
92 33 764
93 56 845
94 34 393
95 26 2051
96 46 811
97 90 1061
98 83 1688
99 32 950
100 95 1331
101 35 875
102 30 2025
103 72 79
104 33 1754
105 75 175
106 24 1576
107 79 180
108 42 1259
109 99 958
110 21 1776
111 48 250
112 69 1065
113 46 339
114 29 676
115 87 782
116 93 2068
117 89 409
118 95 214
119 40 1582
120 57 142
121 84 566
122 94 601
123 80 1988
124 39 79
125 60 1829
126 55 573
127 62 2088
128 92 920
129 75 1819
130 68 1809
131 68 1298
132 70 1364
133 23 951
134 44 360
135 82 1876
136 89 935
137 31 654
138 58 1546
139 43 2019
140 90 362
141 60 410
142 59 366
143 82 1356
144 91 1653
145 61 897
146 37 362
147 61 1797
148 39 970
149 76 646
150 40 1267
151 58 876
152 51 1211
153 66 149
154 37 2004
155 25 1056
156 99 645
157 66 937
158 83 257
159 55 615
160 49 653
161 60 621
162 31 1636
163 24 1377
164 90 258
165 58 411
166 26 812
167 39 487
168 74 1571
169 93 843
170 28 117
171 81 797
172 38 1082
173 50 576
174 48 317
175 23 2027
176 92 1168
177 89 1107
178 79 929
179 22 1112
180 21 865
181 83 2074
182 97 912
183 69 1222
184 32 813
185 52 216
186 22 1870
187 27 1645
188 49 390
189 96 796
190 28 1593
191 27 455
192 49 1936
193 58 1976
194 61 436
195 35 63
196 77 1885
197 83 106
198 63 1197
199 70 174
200 32 456
201 31 1028
202 35 2003
203 63 1585
204 29 622
205 61 704
206 94 1550
207 56 1306
208 53 1784
209 98 1837
210 22 1371
211 31 1241
212 92 174
213 98 2040
214 49 640
215 75 118
216 96 309
217 52 1469
218 63 708
219 87 253
220 89 811
221 64 1254
222 60 883
223 96 611
224 29 97
225 65 1670
226 38 1899
227 53 1569
228 65 1056
229 51 415
230 35 1811
231 30 1735
232 70 1760
233 90 1141
234 28 601
235 26 37
236 85 1045
237 42 131
238 67 1994
239 23 1476
240 76 1537
241 88 826
242 35 1929
243 27 1024
244 72 989
245 33 603
246 45 1380
247 36 379
248 21 837
249 45 1110
250 39 511
251 78 1618
252 85 1392
253 30 345
254 68 620
255 67 353
256 55 336
257 23 293
258 50 448
259 36 1409
260 50 1839
261 92 532
262 48 2011
263 34 1366
264 67 1651
265 25 2044
266 51 956
267 47 1221
268 27 828
269 89 1073
270 31 333
271 24 1544
272 94 329
273 24 1472
274 21 1288
275 30 1499
276 89 1700
277 92 350
278 88 888
279 97 683
280 47 1621
281 45 1644
282 23 1860
283 49 724
284 66 1890
285 44 1060
286 20 1872
287 68 1253
288 31 1795
289 78 423
290 47 424
291 68 1935
292 93 613
293 35 971
294 78 174
295 42 1975
296 93 799
297 60 270
298 64 623
299 71 1348
300 98 1296
301 77 1635
302 50 577
303 84 198
304 36 567
305 62 1635
306 33 416
307 73 563
308 55 1566
309 99 1784
310 82 1052
311 29 825
312 53 1636
313 75 656
314 70 1588
315 51 121
316 96 1877
317 86 1365
318 85 1557
319 29 914
320 69 757
321 73 1955
322 67 1522
323 58 1417
324 50 1109
325 20 1700
326 61 1338
327 74 1953
328 90 955
329 23 1826
330 41 210
331 29 201
332 53 1624
333 67 958
334 35 1666
335 70 237
336 38 147
337 26 1542
338 95 1932
339 74 473
340 92 201
341 80 776
342 80 1523
343 79 817
344 31 435
345 45 412
346 48 564
347 40 798
348 25 927
349 41 1471
350 68 398
351 61 1112
352 64 400
353 43 817
354 95 1425
355 84 1138
356 97 255
357 98 1323
358 31 1773
359 70 527
360 99 1351
361 25 1902
362 25 1270
363 97 930
364 66 256
365 90 1621
366 76 1935
367 74 1922
368 94 1171
369 34 964
370 37 1433
371 93 235
372 60 306
373 71 1106
374 57 407
375 33 2081
376 96 1149
377 68 1657
378 83 298
379 30 1662
380 52 1956
381 22 403
382 83 1726
383 46 659
384 49 233
385 36 2001
386 60 593
387 97 280
388 91 1547
389 62 1436
390 89 1678
391 21 46
392 80 702
393 85 1037
394 59 981
395 35 1969
396 81 420
397 31 242
398 59 625
399 88 2043
400 34 215
401 52 1536
402 69 326
403 51 572
404 75 1173
405 40 1457
406 25 1331
407 39 450
408 77 472
409 39 785
410 46 1956
411 65 695
412 48 639
413 92 1345
414 94 1723
415 51 1869
416 55 2003
417 42 343
418 79 1497
419 66 966
420 93 489
421 61 1569
422 35 1411
423 98 1806
424 92 568
425 64 1206
426 91 508
427 77 560
428 64 1279
429 64 455
430 89 1971
431 49 2066
432 44 815
433 69 1445
434 91 631
435 73 881
436 29 564
437 46 329
438 24 934
439 67 822
440 60 848
441 24 256
442 99 1984
443 77 1182
444 81 1287
445 66 400
446 82 425
447 39 917
448 39 1043
449 51 1001
450 25 132
451 74 259
452 28 1521
453 25 139
454 20 1617
455 38 853
456 89 271
457 65 1292
458 66 349
459 73 557
460 45 1497
461 80 88
462 77 169
463 40 1645
464 80 320
465 83 1141
466 64 159
467 89 1724
468 79 951
469 35 515
470 69 1589
471 78 1421
472 59 64
473 88 1006
474 64 382
475 48 1826
476 94 2012
477 44 1411
478 23 736
479 57 1789
480 82 2030
481 57 970
482 47 405
483 85 1175
484 30 688
485 57 1955
486 42 901
487 70 1713
488 41 1625
489 38 471
490 84 1097
491 30 430
492 65 439
493 50 2048
494 40 244
495 46 1936
496 78 1365
497 41 311
498 97 322
499 38 1328
500 74 215
501 86 427
502 64 1872
503 97 2016
504 53 81
505 97 1135
506 78 472
507 70 1269
508 94 1772
509 29 1398
510 98 129
511 30 1357
512 33 1488
513 92 989
514 61 1050
515 96 976
516 56 1011
517 73 324
518 32 1988
519 42 511
520 41 1174
521 78 859
522 94 1455
523 31 561
524 56 960
525 83 357
526 61 445
527 40 449
528 87 1807
529 75 752
530 62 207
531 25 1416
532 63 801
533 26 766
534 46 1163
535 84 1426
536 31 720
537 55 128
538 20 1094
539 69 1022
540 34 1860
541 25 287
542 23 1189
543 96 1998
544 43 859
545 64 484
546 56 408
547 41 1976
548 92 763
549 46 1787
550 25 1641
551 85 1192
552 94 1528
553 31 795
554 34 970
555 89 1096
556 44 359
557 79 320
558 57 1476
559 50 1790
560 32 264
561 72 1201
562 90 917
563 56 1322
564 93 727
565 80 1718
566 48 1843
567 97 1038
568 33 2023
569 73 869
570 72 1429
571 92 629
572 90 206
573 22 272
574 99 1375
575 62 1239
576 84 1470
577 91 2053
578 41 1939
579 98 1501
580 99 193
581 86 1601
582 23 473
583 86 174
584 58 599
585 68 1087
586 86 1009
587 38 1566
588 95 1101
589 39 481
590 21 994
591 67 165
592 80 430
593 46 564
594 38 537
595 69 1203
596 80 113
597 38 1983
598 24 1064
599 94 417
600 42 1647
601 30 613
602 99 953
603 68 1581
604 26 456
605 87 669
606 96 1746
607 34 1843
608 47 91
609 80 1792
610 58 885
611 39 76
612 64 297
613 31 796
614 92 166
615 78 612
616 86 156
617 87 1088
618 55 1970
619 85 742
620 26 735
621 80 1892
622 37 571
623 53 283
624 78 1748
625 91 1191
626 57 668
627 90 1807
628 94 1506
629 99 1517
630 25 1264
631 59 1152
632 93 1939
633 59 2088
634 42 1711
635 65 459
636 26 2001
637 77 1457
638 38 1569
639 95 982
640 83 703
641 80 285
642 97 528
643 78 989
644 90 105
645 71 1011
646 73 1850
647 55 983
648 96 523
649 42 686
650 39 773
651 96 162
652 56 1724
653 59 1490
654 47 1660
655 63 1374
656 37 1025
657 50 557
658 57 193
659 95 1868
660 84 187
661 91 728
662 70 1161
663 27 1242
664 65 1184
665 88 409
666 35 1767
667 20 1458
668 88 231
669 53 1172
670 41 552
671 47 306
672 59 1627
673 98 969
674 79 1131
675 32 1651
676 32 837
677 98 1001
678 47 375
679 94 1015
680 32 469
681 88 1914
682 89 202
683 84 440
684 53 316
685 54 338
686 36 244
687 68 738
688 30 36
689 84 548
690 70 148
691 96 1396
692 25 222
693 79 539
694 21 1842
695 78 1696
696 72 963
697 22 589
698 28 971
699 47 580
700 84 477
701 27 1045
702 66 844
703 88 1805
704 86 643
705 30 1474
706 80 737
707 62 455
708 54 1605
709 96 1663
710 59 1289
711 30 794
712 76 1102
713 93 219
714 45 950
715 99 1818
716 92 667
717 91 1038
718 55 1495
719 59 2006
720 50 524
721 23 768
722 56 1683
723 58 1556
724 43 1323
725 26 1751
726 43 294
727 78 1700
728 55 982
729 74 1446
730 68 689
731 53 2034
732 53 1988
733 51 921
734 28 115
735 64 1011
736 85 354
737 34 1504
738 67 1387
739 74 396
740 76 1869
741 36 1146
742 24 1854
743 89 504
744 82 1462
745 59 1772
746 40 695
747 74 501
748 50 1346
749 43 1064
750 20 749
751 65 1794
752 23 1710
753 46 621
754 21 59
755 87 559
756 68 1480
757 26 1360
758 49 470
759 90 2019
760 56 472
761 25 1403
762 50 1455
763 30 869
764 28 252
765 63 1066
766 45 319
767 73 2064
768 77 1428
769 85 311
770 79 963
771 92 1378
772 75 196
773 22 1887
774 93 280
775 52 1357
776 71 508
777 72 543
778 31 1434
779 57 1619
780 49 334
781 46 474
782 53 801
783 88 855
784 85 997
785 84 1836
786 55 1062
787 82 638
788 82 838
789 97 878
790 22 1787
791 74 695
792 45 236
793 54 631
794 40 1785
795 93 1372
796 73 998
797 83 560
798 65 176
799 54 529
800 98 2020
801 32 1353
802 67 116
803 73 1570
804 39 1931
805 24 1062
806 93 575
807 40 705
808 63 1323
809 59 366
810 85 159
811 44 1452
812 22 1361
813 50 2016
814 62 1213
815 23 636
816 95 142
817 26 1737
818 62 744
819 44 1552
820 56 1112
821 60 1598
822 55 1978
823 84 1150
824 98 570
825 94 1715
826 65 1256
827 37 1906
828 91 1993
829 92 1033
830 66 552
831 84 347
832 57 706
833 95 166
834 66 1215
835 28 1827
836 80 1267
837 89 1308
838 95 920
839 86 1042
840 83 1310
841 82 1887
842 32 552
843 66 1373
844 24 1170
845 34 1829
846 86 573
847 43 1615
848 28 721
849 43 523
850 91 414
851 91 1887
852 93 2064
853 34 701
854 82 951
855 51 1885
856 66 148
857 99 535
858 90 540
859 84 1488
860 92 1388
861 84 464
862 60 735
863 71 363
864 48 364
865 79 1690
866 61 560
867 35 193
868 64 355
869 28 645
870 83 344
871 87 2058
872 21 1637
873 78 1014
874 39 505
875 57 471
876 21 296
877 94 1487
878 64 265
879 74 1328
880 99 355
881 86 324
882 59 1065
883 37 1708
884 36 1098
885 80 1258
886 97 1440
887 92 533
888 59 1114
889 21 1878
890 89 110
891 30 709
892 79 1647
893 35 325
894 21 2086
895 26 964
896 74 1241
897 92 612
898 41 291
899 76 915
900 73 83
901 78 1498
902 90 185
903 52 547
904 60 189
905 46 1397
906 30 1260
907 29 1166
908 35 1369
909 89 1591
910 60 464
911 26 859
912 45 1524
913 34 790
914 94 711
915 92 1236
916 89 1256
917 83 687
918 25 1128
919 28 40
920 64 554
921 54 417
922 96 271
923 79 308
924 67 1208
925 93 1463
926 76 401
927 59 1714
928 70 571
929 92 266
930 63 1465
931 81 1265
932 59 884
933 42 1762
934 28 1051
935 34 1972
936 47 662
937 78 1893
938 61 1627
939 63 377
940 64 882
941 96 1409
942 94 1516
943 84 1922
944 78 1622
945 98 524
946 94 248
947 22 1333
948 71 282
949 40 1446
950 40 1897
951 51 882
952 60 1675
953 68 636
954 41 407
955 37 928
956 87 284
957 44 2045
958 79 1323
959 93 1440
960 41 1684
961 54 1696
962 91 716
963 64 1296
964 84 1090
965 41 228
966 56 1925
967 23 583
968 83 770
969 58 2068
970 91 1183
971 44 830
972 27 1853
973 41 1489
974 25 340
975 86 1655
976 28 1980
977 74 948
978 45 1073
979 48 1332
980 53 2068
981 91 635
982 64 1363
983 21 951
984 78 1524
985 29 1943
986 98 632
987 51 182
988 37 1283
989 22 579
990 97 376
991 67 68
992 92 810
993 80 305
994 97 1422
995 71 1479
996 81 370
997 95 945
998 50 1037
999 43 1460
1000 55 652
