NOP: 1000
NINT: 13
0 331 6
331 957 7
957 1827 8
1827 2337 9
2337 3029 10
3029 3811 9
3811 4666 8
4666 5310 7
5310 6118 6
6118 6845 5
6845 7635 4
7635 8281 3
8281 300000 2
1 75 911
2 23 8749
3 96 6676
4 55 2785
5 57 1505
6 53 8434
7 87 2443
8 56 1651
9 98 2091
10 92 8521
11 23 7567
12 27 6577
13 49 2404
14 38 4554
15 55 1328
16 67 5133
17 48 3256
18 52 5142
19 86 1135
20 58 2375
21 53 1813
22 28 4009
23 90 3541
24 76 1997
25 72 157
26 79 9063
27 51 2578
28 65 8880
29 45 6875
30 67 7607
31 98 124
32 78 321
33 39 5676
34 55 8250
35 74 167
36 79 4134
37 92 6120
38 94 4822
39 64 4599
40 83 7916
41 43 2042
42 29 1690
43 49 8792
44 54 4276
45 61 1053
46 93 1511
47 34 622
48 50 6196
49 34 4190
50 36 2069
51 79 3571
52 34 5701
53 60 3775
54 30 9008
55 96 3879
56 49 1640
57 81 4435
58 59 5978
59 22 8110
60 43 5621
61 57 2778
62 68 1388
63 56 4228
64 91 2680
65 40 3985
66 85 8104
67 85 5981
68 44 5770
69 25 8001
70 22 4280
71 74 8184
72 89 5994
73 44 7437
74 42 7481
75 32 8909
76 57 7806
77 72 2673
78 26 2225
79 23 3457
80 70 729
81 25 7415
82 37 2767
83 65 2797
84 87 4349
85 56 2101
86 48 2377
87 92 7361
88 94 2831
89 52 4631
90 56 6585
91 58 1744
92 85 7123
93 21 5688
94 33 1196
95 50 7676
96 68 855
97 63 3551
98 38 4762
99 66 1061
100 22 7094
101 62 8266
102 44 9053
103 57 4966
104 85 7213
105 56 1370
106 62 2263
107 44 6773
108 97 122
109 81 4123
110 34 4510
111 71 5823
112 88 8146
113 64 4146
114 90 772
115 98 2592
116 21 5452
117 81 4520
118 93 3119
119 68 8817
120 32 1438
121 38 7204
122 63 8567
123 51 5249
124 62 4050
125 79 8956
126 36 6799
127 69 5147
128 82 5988
129 76 3032
130 30 472
131 78 3564
132 28 6720
133 98 7083
134 50 8398
135 66 2909
136 53 3073
137 86 1474
138 67 7118
139 36 1710
140 38 8867
141 53 1762
142 30 4501
143 35 2415
144 20 7763
145 43 5774
146 95 6400
147 79 5736
148 84 4726
149 79 3569
150 87 8692
151 92 1661
152 99 8194
153 20 3967
154 78 4648
155 92 5224
156 76 3129
157 62 3854
158 95 3425
159 89 938
160 24 8007
161 61 3607
162 77 7467
163 48 2984
164 98 6500
165 69 3070
166 66 4654
167 83 164
168 21 8298
169 73 1341
170 67 7379
171 27 8458
172 30 6931
173 91 8742
174 50 1149
175 76 1569
176 95 6636
177 53 7629
178 59 8532
179 62 4174
180 42 5348
181 46 7567
182 86 3644
183 31 2425
184 60 4758
185 95 240
186 22 8656
187 44 1689
188 53 3890
189 80 6281
190 87 2163
191 97 258
192 61 1348
193 41 7845
194 27 5644
195 51 7149
196 20 575
197 23 1608
198 52 9100
199 25 862
200 68 4991
201 23 7158
202 86 5462
203 83 5084
204 37 536
205 75 7195
206 53 1810
207 93 7673
208 45 738
209 21 4574
210 42 3563
211 21 5556
212 88 8311
213 32 8155
214 43 3574
215 28 2748
216 85 1618
217 64 2838
218 57 8103
219 85 1424
220 25 9038
221 95 6885
222 91 6536
223 50 3724
224 51 5656
225 59 5993
226 38 7893
227 46 7560
228 86 6855
229 62 4215
230 88 7027
231 35 1782
232 27 2708
233 23 5267
234 57 8700
235 94 4422
236 24 4816
237 57 7516
238 38 5934
239 76 3682
240 74 738
241 97 7149
242 22 3615
243 74 9114
244 84 4453
245 28 6857
246 80 6491
247 54 3454
248 29 7630
249 65 6932
250 84 6881
251 52 8161
252 51 9116
253 99 5540
254 50 3154
255 41 311
256 46 5008
257 84 248
258 53 7783
259 59 7273
260 93 4327
261 50 4927
262 26 6392
263 20 5424
264 85 259
265 87 5358
266 81 111
267 37 4936
268 33 2731
269 82 4626
270 29 6653
271 90 7997
272 56 5052
273 55 646
274 84 6180
275 29 2402
276 22 6561
277 53 4544
278 33 3809
279 23 2280
280 83 2141
281 23 162
282 38 4494
283 79 1001
284 20 8122
285 68 5761
286 97 308
287 41 627
288 42 5117
289 57 6520
290 22 307
291 87 908
292 24 2192
293 71 8389
294 33 2827
295 93 8169
296 34 8252
297 29 6422
298 67 6512
299 26 7264
300 86 1748
301 28 8649
302 69 5548
303 80 8829
304 86 5473
305 24 4425
306 57 5351
307 50 2682
308 98 7518
309 53 3894
310 30 230
311 54 2674
312 27 5557
313 49 3370
314 76 8523
315 56 6601
316 75 6683
317 51 1893
318 92 6647
319 99 2558
320 58 2198
321 66 1581
322 72 3898
323 31 6345
324 46 2744
325 81 889
326 99 7788
327 77 2556
328 63 4808
329 71 7758
330 52 3323
331 73 6658
332 34 258
333 44 7901
334 54 3729
335 25 607
336 69 6317
337 56 3302
338 98 7706
339 71 2868
340 20 4769
341 90 7498
342 57 5131
343 85 7833
344 68 3353
345 28 5049
346 55 2538
347 89 3854
348 78 8809
349 87 7915
350 61 3932
351 26 4550
352 63 5116
353 45 909
354 38 404
355 61 711
356 55 5705
357 41 588
358 57 4749
359 57 6627
360 49 8785
361 71 7003
362 81 8741
363 30 7048
364 83 8544
365 54 525
366 90 955
367 89 8351
368 92 3688
369 41 5239
370 95 4565
371 39 5564
372 90 8792
373 53 4919
374 27 4461
375 72 949
376 84 802
377 46 4006
378 59 6004
379 78 6953
380 63 3659
381 79 306
382 47 7967
383 30 2980
384 80 440
385 52 8860
386 80 1594
387 43 5041
388 36 8679
389 92 1753
390 42 7477
391 32 4596
392 78 7375
393 80 7454
394 94 8564
395 57 8630
396 80 8511
397 63 7396
398 27 7495
399 22 8051
400 58 4360
401 87 7863
402 50 3885
403 37 3143
404 78 1325
405 56 2352
406 25 1570
407 69 2956
408 56 3935
409 30 7750
410 61 6309
411 31 651
412 91 6466
413 34 4014
414 95 4600
415 59 2926
416 63 3592
417 68 3478
418 64 2827
419 40 2195
420 51 3162
421 64 845
422 97 174
423 87 5672
424 44 3673
425 49 2743
426 58 3053
427 71 5889
428 98 4685
429 79 4666
430 85 649
431 29 3914
432 83 1561
433 52 3316
434 29 5532
435 41 840
436 64 3566
437 94 1766
438 56 7032
439 32 3857
440 68 2256
441 59 2559
442 90 7120
443 79 2556
444 36 8595
445 49 3000
446 28 6805
447 41 1411
448 32 5215
449 65 4356
450 36 889
451 73 3344
452 91 859
453 56 6638
454 74 234
455 95 8650
456 80 6621
457 52 255
458 40 3566
459 74 2267
460 25 5864
461 44 7528
462 45 5823
463 73 4584
464 87 1259
465 89 3055
466 58 8292
467 81 5816
468 29 1518
469 84 4743
470 99 5068
471 56 6840
472 91 6643
473 95 5351
474 88 6466
475 69 3317
476 68 5613
477 25 7714
478 43 1928
479 66 5633
480 56 3157
481 77 6739
482 22 3703
483 88 3582
484 80 4021
485 76 3665
486 24 4091
487 27 3485
488 24 1570
489 23 5295
490 86 1387
491 77 7498
492 67 8833
493 63 6709
494 25 3417
495 30 7442
496 41 2870
497 72 2419
498 24 2452
499 44 543
500 95 6711
501 96 5697
502 92 6570
503 32 726
504 45 5695
505 78 4673
506 20 4564
507 90 7060
508 96 4575
509 73 6478
510 56 1069
511 42 2549
512 74 5002
513 63 7604
514 50 3263
515 54 4031
516 51 2063
517 77 6974
518 85 4445
519 93 3060
520 40 2992
521 63 7632
522 28 1117
523 86 6341
524 22 6235
525 86 6718
526 20 2823
527 46 8254
528 69 7951
529 73 2209
530 35 7954
531 22 6461
532 59 5876
533 76 8290
534 84 6995
535 49 5485
536 98 7475
537 52 6580
538 83 3682
539 85 5276
540 45 8526
541 88 8526
542 81 803
543 44 1653
544 35 5112
545 33 6619
546 21 2774
547 42 7503
548 62 1095
549 39 727
550 40 206
551 90 5836
552 91 7507
553 73 2454
554 64 6229
555 43 6648
556 28 2257
557 83 7396
558 42 8926
559 23 8362
560 36 5480
561 40 6052
562 73 6887
563 92 3824
564 45 1438
565 23 3224
566 58 1163
567 67 4328
568 77 5235
569 57 6940
570 74 8206
571 52 8099
572 69 2854
573 22 7408
574 52 4343
575 98 9054
576 65 3430
577 72 1037
578 58 7249
579 46 8090
580 68 1305
581 50 8013
582 68 2273
583 72 6650
584 58 8703
585 47 1129
586 32 1806
587 50 811
588 61 6771
589 42 2262
590 91 6664
591 94 3179
592 39 917
593 30 273
594 88 4667
595 49 8832
596 22 5490
597 87 182
598 87 1502
599 69 1134
600 29 6805
601 50 240
602 54 7262
603 63 2511
604 42 8653
605 29 1832
606 88 2799
607 97 6611
608 90 5635
609 87 4053
610 52 6894
611 27 1978
612 27 3801
613 43 2374
614 38 5641
615 84 4331
616 75 4129
617 35 4761
618 81 3403
619 74 3262
620 56 515
621 28 1060
622 66 524
623 55 8415
624 98 3183
625 69 4831
626 82 761
627 44 7689
628 53 3654
629 74 7643
630 41 8665
631 75 3885
632 85 92
633 66 5508
634 52 5303
635 79 3882
636 43 6199
637 90 4304
638 36 2126
639 88 8551
640 95 2399
641 38 8563
642 62 6318
643 80 458
644 27 5970
645 62 273
646 68 4117
647 73 6732
648 42 1957
649 61 8469
650 20 3151
651 78 137
652 71 5452
653 60 4788
654 70 1607
655 93 9039
656 77 3917
657 87 1104
658 82 6310
659 88 4045
660 23 589
661 27 9037
662 22 7451
663 24 3467
664 20 8694
665 23 3228
666 41 1828
667 63 1733
668 94 6670
669 73 3507
670 97 5124
671 47 5175
672 48 6981
673 29 949
674 88 5526
675 59 2625
676 36 635
677 70 3355
678 42 1196
679 33 987
680 87 4112
681 66 5552
682 90 1700
683 83 4722
684 68 3176
685 57 5425
686 53 8108
687 86 6038
688 87 2813
689 51 2602
690 84 2187
691 28 6127
692 87 7984
693 23 5628
694 89 1856
695 44 3214
696 93 2370
697 69 7450
698 75 6208
699 62 2371
700 80 2083
701 36 7289
702 87 8024
703 92 2851
704 99 471
705 75 5387
706 78 1780
707 42 3195
708 57 1506
709 27 4124
710 29 1491
711 50 8959
712 73 8044
713 32 5125
714 78 5883
715 61 3363
716 62 9084
717 58 8688
718 97 8234
719 90 4109
720 33 7160
721 58 2251
722 33 3658
723 36 1887
724 58 541
725 43 853
726 28 3794
727 55 8714
728 82 7326
729 33 343
730 65 5655
731 60 1276
732 59 9090
733 43 7751
734 45 6818
735 38 1431
736 37 8442
737 42 3138
738 93 4013
739 33 6741
740 84 5946
741 93 8573
742 66 2852
743 93 5606
744 89 7084
745 52 2892
746 91 5594
747 35 3172
748 47 7945
749 43 3538
750 23 2873
751 36 2968
752 61 4677
753 66 4095
754 58 6796
755 24 3835
756 96 4333
757 30 1041
758 72 318
759 46 6164
760 20 6793
761 60 8433
762 82 8687
763 44 204
764 27 3457
765 68 6703
766 88 7999
767 92 4857
768 84 5461
769 38 905
770 34 8954
771 53 7647
772 26 7581
773 28 2555
774 58 7486
775 64 7864
776 93 6307
777 70 3587
778 81 2400
779 33 2607
780 44 3504
781 34 6309
782 23 8177
783 38 527
784 23 8717
785 65 5897
786 89 990
787 90 808
788 75 5591
789 35 9114
790 20 7012
791 53 6338
792 94 1854
793 44 2941
794 95 3843
795 75 8402
796 33 2871
797 78 8681
798 34 5610
799 29 7323
800 38 1743
801 30 4414
802 31 1295
803 49 1778
804 61 8512
805 71 3912
806 25 8619
807 69 4018
808 48 8936
809 24 1987
810 94 4703
811 55 4372
812 59 6006
813 40 1350
814 34 1069
815 32 2530
816 76 3656
817 36 2339
818 53 2813
819 35 4158
820 76 8832
821 63 4952
822 63 8076
823 78 3790
824 86 7767
825 79 1660
826 63 8237
827 54 1041
828 55 5676
829 94 7712
830 48 3278
831 48 1588
832 76 6009
833 68 6621
834 49 253
835 89 5925
836 85 1165
837 54 323
838 46 1601
839 27 1535
840 76 8646
841 20 8993
842 60 7902
843 93 6155
844 20 416
845 50 6504
846 28 4317
847 27 4812
848 72 3114
849 96 1166
850 90 1699
851 31 8092
852 60 490
853 70 6502
854 88 6615
855 82 7228
856 29 3778
857 24 8451
858 36 8825
859 40 5210
860 56 579
861 64 6315
862 79 7673
863 48 8298
864 32 4780
865 23 1082
866 54 529
867 77 3822
868 65 7252
869 32 2807
870 56 5612
871 36 1757
872 48 1738
873 36 357
874 88 313
875 50 7955
876 28 6524
877 31 1290
878 71 2894
879 74 5964
880 96 514
881 69 389
882 93 7971
883 43 6323
884 30 3357
885 24 3238
886 43 4381
887 57 1986
888 47 5921
889 41 6345
890 37 5406
891 68 2158
892 53 3100
893 64 7698
894 26 146
895 58 7213
896 64 1811
897 39 7899
898 88 8016
899 68 5781
900 72 420
901 84 5733
902 47 228
903 24 717
904 64 7722
905 30 8614
906 24 1261
907 21 4184
908 24 5917
909 34 1826
910 65 2425
911 54 3373
912 63 3264
913 60 4370
914 81 6547
915 57 1991
916 97 3704
917 34 6666
918 97 2936
919 94 276
920 59 4352
921 98 1388
922 57 5339
923 47 4296
924 34 2698
925 50 2721
926 97 642
927 92 1665
928 38 9041
929 26 7748
930 23 4880
931 35 586
932 58 8981
933 59 1090
934 62 7392
935 86 4974
936 62 6593
937 27 7026
938 43 6605
939 44 4810
940 95 5313
941 21 4767
942 98 8758
943 37 4056
944 24 1955
945 59 3076
946 77 5038
947 61 6740
948 35 1444
949 88 1984
950 74 7374
951 56 6361
952 99 7918
953 20 2202
954 67 7423
955 99 3630
956 40 1715
957 87 332
958 93 1210
959 71 958
960 58 5220
961 92 1420
962 85 1701
963 63 2540
964 78 3180
965 93 1986
966 90 7248
967 59 5281
968 57 140
969 41 1328
970 81 5944
971 45 8238
972 48 342
973 38 6050
974 28 8224
975 51 229
976 55 4318
977 87 3180
978 52 4769
979 84 6696
980 55 4164
981 97 9032
982 53 8048
983 63 1181
984 50 5222
985 93 4471
986 20 6296
987 38 8626
988 82 435
989 61 2854
990 90 5117
991 71 6230
992 40 5089
993 94 4782
994 61 2263
995 53 2581
996 23 2561
997 33 2717
998 98 7753
999 40 8348
1000 45 1508
