NOP: 1000
NINT: 45
0 88 14
88 183 15
183 259 16
259 324 17
324 389 18
389 458 19
458 512 20
512 583 21
583 646 22
646 721 23
721 801 24
801 853 25
853 941 26
941 1036 27
1036 1122 28
1122 1223 29
1223 1292 30
1292 1384 29
1384 1467 28
1467 1517 27
1517 1581 26
1581 1647 25
1647 1727 24
1727 1794 23
1794 1887 22
1887 1952 21
1952 2011 20
2011 2088 19
2088 2168 18
2168 2225 17
2225 2304 16
2304 2371 15
2371 2440 14
2440 2493 13
2493 2558 12
2558 2633 11
2633 2706 10
2706 2791 9
2791 2877 8
2877 2939 7
2939 3027 6
3027 3091 5
3091 3153 4
3153 3233 3
3233 300000 2
1 21 2254
2 76 2657
3 60 162
4 85 3144
5 60 1967
6 81 2438
7 79 603
8 78 1700
9 85 2473
10 51 2843
11 77 1612
12 63 2026
13 43 3018
14 63 892
15 46 2235
16 88 1704
17 38 1683
18 95 2933
19 52 2987
20 94 1962
21 89 1274
22 78 2527
23 91 830
24 98 2877
25 22 2183
26 20 2386
27 44 3289
28 94 2522
29 79 2801
30 43 2304
31 56 2957
32 88 1604
33 46 2582
34 42 724
35 41 1388
36 93 806
37 27 2612
38 97 262
39 65 2868
40 55 2629
41 70 3070
42 62 1238
43 45 2434
44 59 2565
45 29 1265
46 56 2532
47 41 3213
48 45 703
49 50 1007
50 38 2250
51 77 2737
52 49 1402
53 59 1087
54 52 2706
55 44 1615
56 30 41
57 53 2396
58 35 688
59 55 2343
60 81 3214
61 80 462
62 59 1093
63 97 1357
64 63 2705
65 90 2332
66 64 1141
67 30 2953
68 40 1970
69 90 1425
70 24 2738
71 39 282
72 61 1560
73 86 743
74 22 674
75 88 860
76 97 3243
77 84 3166
78 36 1146
79 48 2558
80 88 1712
81 97 532
82 73 1159
83 73 3319
84 81 1024
85 76 408
86 62 1412
87 54 878
88 66 2438
89 46 2333
90 46 741
91 68 303
92 68 1638
93 54 2355
94 47 3328
95 80 1735
96 76 1525
97 28 2665
98 79 2459
99 53 2348
100 88 501
101 46 1874
102 82 1573
103 66 174
104 40 1855
105 29 1550
106 39 3094
107 26 3105
108 36 1515
109 73 617
110 30 2604
111 54 2214
112 39 209
113 65 1391
114 85 3124
115 40 1336
116 83 194
117 68 1372
118 86 3109
119 28 334
120 95 284
121 47 2108
122 50 1432
123 79 683
124 91 2507
125 69 1783
126 66 1378
127 38 2540
128 82 1564
129 38 1744
130 76 2220
131 43 56
132 44 565
133 48 77
134 72 2829
135 53 592
136 43 1998
137 25 726
138 90 1714
139 45 394
140 60 384
141 29 2486
142 87 547
143 99 290
144 34 1299
145 96 1488
146 96 1023
147 97 699
148 57 415
149 78 2080
150 84 804
151 64 2090
152 70 1733
153 82 1331
154 99 1551
155 37 2074
156 31 2784
157 88 275
158 75 3166
159 22 950
160 63 271
161 54 2484
162 68 1729
163 21 1864
164 78 3070
165 76 2001
166 39 488
167 98 651
168 83 1637
169 44 3268
170 61 715
171 64 3264
172 82 1651
173 93 223
174 77 439
175 21 892
176 31 2275
177 34 1627
178 81 2136
179 23 1015
180 28 1900
181 83 312
182 43 967
183 65 2770
184 56 2335
185 95 1221
186 39 508
187 81 2029
188 96 582
189 89 1911
190 65 2409
191 53 3251
192 39 1045
193 90 2916
194 82 3048
195 57 3186
196 39 1091
197 59 236
198 61 1974
199 59 2694
200 26 2484
201 27 1410
202 70 1992
203 62 922
204 22 1882
205 95 1048
206 79 2111
207 53 2644
208 62 1369
209 77 2245
210 95 593
211 91 792
212 41 2051
213 32 2730
214 38 1937
215 30 3007
216 44 1733
217 94 106
218 40 2046
219 26 1763
220 67 284
221 78 758
222 36 2909
223 31 2399
224 28 1687
225 56 1006
226 30 1365
227 39 1164
228 85 602
229 74 2794
230 82 1826
231 93 1342
232 57 1495
233 58 460
234 31 852
235 23 2307
236 75 2954
237 29 143
238 83 197
239 73 902
240 32 834
241 54 323
242 46 2612
243 74 2308
244 77 1518
245 65 1731
246 50 2153
247 41 1830
248 91 2437
249 53 2440
250 86 2683
251 42 2170
252 68 2875
253 32 2531
254 81 1732
255 65 3191
256 75 980
257 68 2738
258 34 206
259 65 1650
260 51 2227
261 72 148
262 40 2788
263 45 2058
264 78 815
265 37 536
266 99 1488
267 64 636
268 64 95
269 79 395
270 58 2278
271 35 475
272 29 1774
273 37 2168
274 71 2509
275 84 2798
276 39 3106
277 35 1036
278 82 383
279 72 930
280 81 2621
281 56 673
282 20 320
283 40 1296
284 27 1647
285 28 1622
286 41 2587
287 63 1719
288 32 504
289 32 2061
290 72 2501
291 81 1994
292 82 1665
293 68 2099
294 74 138
295 81 2529
296 65 1923
297 84 2705
298 43 2283
299 73 2686
300 87 3101
301 73 3064
302 21 2946
303 50 2337
304 98 2036
305 36 258
306 28 1290
307 94 3329
308 48 2116
309 98 3309
310 32 1047
311 98 2039
312 73 1746
313 98 1136
314 93 1870
315 58 1531
316 78 907
317 30 859
318 90 1893
319 77 1315
320 53 1529
321 44 901
322 98 547
323 98 2334
324 21 99
325 65 1066
326 43 3050
327 97 2264
328 39 3071
329 22 1084
330 90 698
331 65 2843
332 51 1168
333 38 2508
334 33 3144
335 98 2619
336 69 1320
337 74 409
338 47 836
339 74 1762
340 77 1692
341 50 748
342 56 961
343 72 1235
344 87 1413
345 20 1652
346 28 2053
347 32 1797
348 71 1487
349 57 3205
350 41 220
351 56 1473
352 51 1503
353 69 1255
354 74 932
355 59 547
356 94 3169
357 28 2938
358 69 1290
359 34 2824
360 62 1098
361 49 465
362 83 1125
363 69 1310
364 59 329
365 66 1514
366 48 2170
367 86 798
368 96 1522
369 26 200
370 42 1954
371 34 575
372 22 2326
373 39 2389
374 78 1258
375 52 2804
376 46 2153
377 50 469
378 33 1474
379 71 966
380 51 1015
381 61 2786
382 73 1359
383 21 2138
384 65 1030
385 30 1649
386 28 1292
387 35 1896
388 33 2545
389 46 1176
390 38 1814
391 35 2906
392 26 200
393 37 2511
394 84 962
395 86 199
396 55 818
397 95 1018
398 60 2215
399 56 3102
400 91 871
401 37 236
402 35 763
403 97 813
404 91 1547
405 69 1961
406 42 1738
407 49 337
408 40 814
409 82 1536
410 20 3327
411 66 617
412 33 2926
413 93 871
414 34 1940
415 55 206
416 95 3169
417 46 2746
418 33 2594
419 20 2591
420 29 1555
421 79 2626
422 62 1637
423 90 666
424 74 2194
425 94 1924
426 34 1782
427 75 1749
428 48 1002
429 52 2188
430 59 2874
431 98 1624
432 84 2242
433 98 3019
434 72 1284
435 61 1038
436 28 2867
437 32 37
438 88 2751
439 65 1120
440 42 204
441 29 489
442 82 1603
443 93 3172
444 35 996
445 82 621
446 91 1369
447 70 2188
448 93 1065
449 61 2903
450 72 2851
451 25 1540
452 80 3093
453 28 2958
454 82 1785
455 43 691
456 56 2183
457 74 1043
458 63 932
459 60 258
460 36 2645
461 96 3208
462 81 1544
463 44 1581
464 66 2461
465 77 1802
466 85 3008
467 52 972
468 80 1788
469 76 2752
470 37 993
471 52 968
472 31 3147
473 41 1466
474 53 2668
475 85 2628
476 76 1589
477 88 2634
478 60 2214
479 73 626
480 86 1660
481 84 438
482 91 3277
483 78 425
484 68 916
485 65 1048
486 99 2377
487 39 1029
488 58 802
489 92 210
490 94 2997
491 20 2692
492 79 2766
493 73 290
494 28 3037
495 99 1725
496 37 286
497 38 3308
498 62 2969
499 71 2537
500 20 54
501 35 47
502 33 2178
503 35 2070
504 70 2947
505 38 2621
506 89 1111
507 68 2365
508 21 3002
509 59 432
510 22 3038
511 27 1278
512 40 2825
513 81 314
514 85 2849
515 39 3178
516 46 944
517 34 2171
518 52 390
519 47 2382
520 55 120
521 72 1008
522 44 3140
523 50 1719
524 83 2689
525 27 2073
526 45 1072
527 42 2650
528 94 899
529 38 1228
530 94 1013
531 74 528
532 92 1296
533 61 1366
534 64 2437
535 27 1901
536 80 936
537 24 48
538 80 2939
539 63 603
540 22 3022
541 66 1791
542 68 2766
543 92 2629
544 35 1069
545 89 2195
546 76 2832
547 40 2584
548 87 2078
549 94 2376
550 85 2973
551 52 834
552 93 697
553 92 1345
554 71 961
555 24 3015
556 89 1448
557 25 2477
558 59 407
559 59 2753
560 40 291
561 66 1014
562 83 2131
563 36 2084
564 73 732
565 37 1788
566 46 3168
567 43 2085
568 85 1668
569 79 171
570 64 2076
571 99 1914
572 33 862
573 71 688
574 76 147
575 56 285
576 41 674
577 93 1763
578 91 2832
579 84 365
580 80 3076
581 99 1428
582 57 2921
583 55 114
584 61 919
585 47 2646
586 33 1122
587 91 1637
588 49 2663
589 93 1495
590 61 1798
591 83 2848
592 94 2809
593 83 2965
594 74 1184
595 60 1603
596 38 86
597 33 3036
598 85 926
599 83 668
600 38 1125
601 21 1011
602 50 3266
603 89 2315
604 65 2233
605 32 245
606 39 1547
607 93 2744
608 64 1195
609 77 1321
610 24 3121
611 74 2182
612 70 1728
613 73 718
614 45 2103
615 90 2773
616 36 3314
617 70 1947
618 21 529
619 92 2715
620 79 2765
621 97 925
622 55 516
623 39 3057
624 90 2131
625 69 1892
626 99 2638
627 94 1853
628 97 763
629 42 2154
630 69 1068
631 98 975
632 84 459
633 56 1245
634 72 1624
635 65 74
636 97 2734
637 37 1348
638 51 2374
639 26 134
640 51 453
641 78 1061
642 79 2072
643 88 2071
644 22 2198
645 21 78
646 49 1144
647 29 1045
648 44 2741
649 72 1750
650 67 2047
651 25 1268
652 49 1445
653 77 1662
654 37 1594
655 44 1410
656 83 1139
657 55 457
658 63 2462
659 26 771
660 93 1787
661 40 569
662 65 2238
663 77 492
664 31 231
665 69 2401
666 95 3171
667 99 3190
668 36 51
669 80 3162
670 75 456
671 28 3275
672 72 115
673 89 589
674 93 152
675 72 2701
676 55 998
677 21 1458
678 32 1655
679 90 2781
680 96 1898
681 75 2970
682 82 1841
683 24 783
684 24 1942
685 60 1699
686 27 550
687 89 2233
688 74 1901
689 82 1556
690 70 867
691 22 850
692 78 1362
693 26 2772
694 92 3275
695 69 1343
696 48 1947
697 52 1954
698 45 2659
699 49 1214
700 39 3306
701 66 2021
702 71 1214
703 66 744
704 31 2843
705 24 2402
706 32 3265
707 72 2487
708 47 2638
709 96 2016
710 29 1905
711 46 869
712 71 1208
713 87 2076
714 22 1527
715 45 1182
716 22 1766
717 45 3210
718 89 3237
719 27 1267
720 81 3073
721 85 2537
722 28 1698
723 85 1975
724 65 2685
725 65 1005
726 53 2870
727 43 2780
728 49 2418
729 21 106
730 58 120
731 76 1632
732 47 1118
733 91 2179
734 53 284
735 72 1086
736 41 951
737 43 1838
738 44 488
739 93 1523
740 85 1437
741 64 2304
742 84 1808
743 57 2419
744 83 801
745 33 967
746 63 622
747 85 481
748 98 1583
749 57 1624
750 28 1775
751 52 933
752 35 2641
753 32 726
754 51 1532
755 43 1784
756 38 2487
757 26 1346
758 65 3083
759 81 750
760 78 1946
761 23 489
762 52 2369
763 82 3211
764 37 493
765 60 1177
766 97 2925
767 58 2575
768 54 3124
769 24 409
770 99 727
771 55 449
772 79 2174
773 69 1992
774 98 2138
775 29 2399
776 32 2854
777 77 1378
778 48 3246
779 92 1480
780 72 2349
781 98 438
782 20 1018
783 64 3076
784 90 1419
785 23 1439
786 72 2063
787 97 773
788 28 175
789 65 3127
790 38 3050
791 67 2263
792 64 1305
793 39 2430
794 33 1397
795 84 1295
796 62 2086
797 34 1274
798 85 1942
799 76 1130
800 50 1723
801 41 442
802 20 1207
803 78 1153
804 50 1147
805 52 662
806 73 436
807 47 2895
808 27 1470
809 34 3222
810 93 138
811 82 2210
812 38 82
813 89 2019
814 91 797
815 86 2957
816 38 1333
817 46 3206
818 82 1239
819 62 1231
820 89 2859
821 73 599
822 91 1614
823 42 2214
824 50 2893
825 62 560
826 89 3026
827 52 289
828 99 1873
829 91 95
830 54 2499
831 91 2134
832 76 1185
833 47 1675
834 43 2099
835 86 1027
836 82 1671
837 42 855
838 46 2297
839 90 3139
840 27 2676
841 39 171
842 95 1306
843 72 137
844 22 1417
845 90 112
846 51 1379
847 82 186
848 49 1753
849 40 1246
850 56 2888
851 61 2001
852 40 1764
853 41 220
854 21 2587
855 44 2679
856 86 90
857 60 825
858 42 882
859 29 2505
860 43 855
861 74 3314
862 32 1561
863 46 2465
864 98 1412
865 97 1890
866 40 2497
867 70 2328
868 42 910
869 29 3088
870 65 928
871 56 1808
872 74 2170
873 61 2309
874 88 2494
875 45 1027
876 78 218
877 21 2925
878 87 2013
879 84 3095
880 66 2003
881 82 2311
882 92 2481
883 56 2229
884 43 2261
885 70 1018
886 32 1414
887 21 593
888 98 2095
889 88 3013
890 61 2913
891 95 2923
892 53 903
893 33 59
894 80 3176
895 64 1400
896 78 590
897 50 1291
898 55 1968
899 57 1616
900 41 316
901 87 952
902 83 1550
903 68 2604
904 96 1926
905 87 2641
906 66 560
907 91 2257
908 75 788
909 96 2374
910 55 884
911 91 2542
912 59 63
913 57 930
914 63 276
915 64 2439
916 80 2859
917 25 2434
918 44 3144
919 53 376
920 71 1809
921 78 730
922 25 121
923 77 1237
924 28 414
925 63 2620
926 52 3099
927 20 2592
928 27 3127
929 97 2866
930 41 2696
931 73 3326
932 66 939
933 22 1078
934 53 1527
935 34 379
936 68 3257
937 39 2652
938 96 1032
939 20 1536
940 25 1653
941 84 2719
942 25 995
943 66 2451
944 97 1902
945 48 3081
946 69 2925
947 24 763
948 25 1932
949 93 3142
950 74 3212
951 93 287
952 34 637
953 43 453
954 52 1002
955 86 2079
956 21 955
957 38 722
958 81 2968
959 31 3128
960 72 2084
961 62 2947
962 41 2991
963 60 459
964 70 441
965 94 647
966 84 2789
967 87 1423
968 30 3062
969 44 1192
970 83 1090
971 98 2132
972 97 106
973 36 1909
974 91 1045
975 29 2528
976 98 340
977 51 2917
978 54 2619
979 97 2541
980 23 252
981 22 1849
982 44 74
983 67 1250
984 22 1523
985 28 2885
986 25 2876
987 74 312
988 63 2667
989 88 2234
990 34 1205
991 29 2062
992 48 3149
993 27 2218
994 86 1979
995 60 2668
996 83 2858
997 67 2854
998 41 1648
999 20 3031
1000 38 1499
