NOP: 1000
NINT: 19
0 279 20
279 565 19
565 872 18
872 1104 17
1104 1390 16
1390 1522 15
1522 1788 14
1788 2137 13
2137 2291 12
2291 2640 11
2640 2995 10
2995 3285 9
3285 3677 8
3677 3936 7
3936 4253 6
4253 4675 5
4675 4995 4
4995 5205 3
5205 300000 2
1 82 2385
2 45 4089
3 74 77
4 98 327
5 20 323
6 20 690
7 66 3010
8 75 780
9 60 5043
10 29 1835
11 31 3132
12 51 1039
13 58 1895
14 93 4075
15 28 306
16 88 867
17 35 2905
18 65 4475
19 30 3889
20 42 5056
21 36 3489
22 77 3936
23 26 2028
24 61 4323
25 67 2238
26 30 5427
27 79 4490
28 98 5111
29 55 2314
30 34 1644
31 27 916
32 57 4755
33 74 4937
34 92 4927
35 50 5350
36 48 2615
37 66 2448
38 97 5053
39 67 1566
40 99 868
41 79 3667
42 97 4683
43 86 3429
44 93 3110
45 44 1959
46 86 2204
47 97 4002
48 43 4233
49 81 246
50 25 5075
51 92 1529
52 54 2402
53 92 3329
54 69 4141
55 78 4354
56 84 3700
57 38 4460
58 39 1122
59 96 516
60 45 1524
61 94 2529
62 70 939
63 81 108
64 54 4905
65 61 679
66 67 5074
67 22 1247
68 95 2909
69 28 2789
70 25 430
71 64 715
72 92 4513
73 67 3760
74 61 690
75 91 2247
76 55 4530
77 46 1945
78 28 3610
79 71 2764
80 41 2828
81 85 3765
82 49 3353
83 87 5075
84 91 217
85 36 5353
86 85 5047
87 46 3788
88 69 3842
89 35 1727
90 27 4982
91 88 3101
92 36 1560
93 55 1879
94 45 5074
95 61 4382
96 94 915
97 79 2107
98 42 3399
99 44 2158
100 96 1256
101 86 573
102 23 3450
103 63 4887
104 28 3429
105 22 275
106 40 3783
107 63 5166
108 29 3513
109 79 5241
110 80 2874
111 23 3711
112 60 1502
113 81 3248
114 51 1442
115 79 2781
116 41 4857
117 25 2095
118 99 2896
119 25 958
120 86 2785
121 92 377
122 39 3864
123 91 1655
124 44 3903
125 92 1617
126 88 2139
127 38 4442
128 46 1147
129 75 517
130 40 128
131 70 735
132 74 1287
133 62 3728
134 27 3015
135 20 38
136 87 981
137 23 702
138 97 714
139 93 882
140 53 1578
141 88 4591
142 92 1550
143 23 1112
144 52 3035
145 45 1482
146 42 271
147 22 2044
148 84 2450
149 65 4055
150 67 3028
151 88 1269
152 87 2311
153 28 3149
154 49 3951
155 31 4132
156 41 5220
157 46 554
158 79 4358
159 61 1767
160 62 4289
161 70 4235
162 80 2737
163 99 2293
164 80 5445
165 46 1781
166 39 3353
167 35 1942
168 87 5276
169 22 4991
170 71 4047
171 76 4580
172 76 3642
173 34 3279
174 35 3265
175 81 1026
176 23 2623
177 42 2933
178 69 3766
179 49 1372
180 43 484
181 83 4822
182 79 2233
183 79 4399
184 64 2894
185 37 3972
186 24 472
187 94 588
188 79 2638
189 64 5003
190 50 833
191 46 304
192 21 2941
193 80 4482
194 49 3616
195 38 5230
196 95 5231
197 62 2370
198 56 3991
199 41 1363
200 55 3286
201 59 4128
202 48 4818
203 21 3431
204 50 1306
205 63 4135
206 86 4865
207 59 5233
208 30 4480
209 76 2095
210 77 5136
211 68 3520
212 81 2208
213 60 3756
214 70 2256
215 87 1967
216 63 1655
217 59 3218
218 45 767
219 43 2927
220 37 3528
221 69 2465
222 38 2384
223 29 4305
224 38 4772
225 48 3036
226 45 651
227 58 402
228 97 3540
229 38 833
230 23 439
231 81 1512
232 43 1066
233 65 4576
234 45 4579
235 36 1561
236 47 4037
237 45 3465
238 60 5408
239 87 3839
240 71 3110
241 88 4519
242 27 1740
243 93 3762
244 36 4506
245 89 3927
246 30 3514
247 66 2679
248 71 2332
249 37 4615
250 25 845
251 85 4517
252 23 2859
253 82 1372
254 87 1168
255 30 3309
256 46 2308
257 88 4787
258 42 2017
259 26 1725
260 61 3397
261 61 1275
262 21 860
263 28 4222
264 92 3704
265 64 2864
266 75 800
267 25 3115
268 31 3042
269 28 824
270 29 2459
271 91 287
272 78 2309
273 22 5053
274 35 4210
275 41 1214
276 28 892
277 29 880
278 58 4197
279 44 4962
280 47 3083
281 58 265
282 46 3587
283 27 3347
284 75 609
285 31 5304
286 54 1422
287 63 3115
288 52 4035
289 92 4078
290 20 3101
291 59 1940
292 33 1696
293 62 1894
294 21 2538
295 81 3872
296 52 1899
297 79 2353
298 89 1315
299 96 3206
300 56 109
301 38 4677
302 39 4660
303 59 2589
304 27 1935
305 39 4231
306 28 673
307 34 3879
308 77 3242
309 33 1017
310 50 3420
311 21 985
312 69 560
313 61 235
314 47 3218
315 52 1052
316 55 1876
317 74 2700
318 40 795
319 28 1600
320 92 4280
321 98 173
322 39 2844
323 97 3961
324 29 2391
325 65 3117
326 95 793
327 69 1365
328 66 70
329 97 4835
330 79 2801
331 28 2403
332 88 2612
333 40 4153
334 64 253
335 60 2571
336 81 4602
337 60 4344
338 21 4376
339 78 3826
340 84 4063
341 30 1111
342 22 4679
343 73 1597
344 20 160
345 57 3603
346 35 1087
347 37 1807
348 94 1300
349 43 1934
350 95 892
351 69 2824
352 66 1650
353 41 871
354 52 2431
355 96 4839
356 84 753
357 58 1874
358 44 5231
359 46 2348
360 45 89
361 28 3165
362 93 4507
363 40 5246
364 69 205
365 73 3187
366 47 529
367 90 4218
368 53 1505
369 50 3459
370 35 2608
371 81 1097
372 83 1273
373 30 5251
374 21 3595
375 49 2237
376 22 3750
377 93 540
378 65 190
379 83 2953
380 68 2656
381 29 4019
382 54 1321
383 55 5236
384 91 110
385 50 3619
386 46 3335
387 73 4730
388 71 2297
389 72 4058
390 28 5302
391 24 3740
392 73 3181
393 75 1025
394 67 403
395 91 4302
396 41 1803
397 60 516
398 39 4404
399 25 1646
400 34 4489
401 94 4435
402 68 436
403 59 3325
404 36 1243
405 69 1662
406 39 155
407 48 2899
408 68 1554
409 74 2426
410 72 762
411 28 4386
412 76 266
413 52 2197
414 38 445
415 59 2612
416 81 952
417 99 3085
418 83 4996
419 22 3529
420 57 5248
421 75 4955
422 40 2084
423 61 5443
424 41 3783
425 99 1768
426 38 4303
427 76 1934
428 29 2215
429 55 1676
430 74 2863
431 99 3814
432 63 3981
433 62 1172
434 29 1757
435 56 1863
436 24 2337
437 56 3530
438 35 1041
439 26 691
440 92 2368
441 22 2331
442 28 2527
443 40 4761
444 98 5221
445 20 4582
446 61 3298
447 88 1667
448 69 1629
449 44 4187
450 95 3218
451 71 2349
452 72 5122
453 89 397
454 56 3382
455 73 2430
456 81 704
457 89 5203
458 58 503
459 80 1717
460 91 1883
461 45 2057
462 75 3980
463 38 1671
464 70 693
465 28 5324
466 86 610
467 63 3920
468 95 3977
469 92 829
470 39 3051
471 52 1060
472 24 287
473 84 2451
474 94 5014
475 70 3252
476 63 2149
477 68 4133
478 69 2915
479 65 2681
480 48 2740
481 50 2441
482 32 5001
483 66 5080
484 40 343
485 25 4944
486 84 286
487 40 2132
488 22 4460
489 69 3921
490 27 4519
491 23 51
492 41 5207
493 97 5026
494 62 2172
495 87 3812
496 81 1272
497 88 3953
498 35 139
499 81 4762
500 54 840
501 28 4812
502 64 5137
503 94 4838
504 70 5024
505 60 4007
506 25 2076
507 59 4900
508 55 2231
509 89 4070
510 47 3522
511 50 814
512 26 38
513 98 3325
514 56 3415
515 58 2517
516 47 4729
517 71 1986
518 86 4804
519 27 4114
520 91 2426
521 53 4595
522 61 340
523 20 5272
524 77 3361
525 93 1664
526 64 5181
527 56 3664
528 84 2675
529 75 1909
530 98 1424
531 87 1731
532 55 4988
533 23 2451
534 57 1708
535 97 724
536 71 449
537 90 486
538 53 2443
539 77 4545
540 83 3371
541 20 2514
542 41 3151
543 20 3863
544 39 57
545 98 5414
546 53 2821
547 79 3088
548 72 860
549 67 3095
550 68 603
551 69 3287
552 44 1708
553 81 5424
554 82 2807
555 20 3056
556 68 1233
557 86 2274
558 85 3933
559 43 1582
560 30 2455
561 41 441
562 92 5445
563 30 4656
564 28 3332
565 86 1727
566 69 2437
567 53 3004
568 81 3710
569 86 287
570 20 5440
571 90 4430
572 35 2730
573 34 3794
574 31 298
575 74 1914
576 85 1568
577 68 4096
578 28 660
579 55 2619
580 27 2487
581 73 2271
582 32 2546
583 42 4679
584 91 3748
585 99 2376
586 93 2841
587 35 1151
588 90 907
589 43 2231
590 81 2480
591 40 2989
592 86 5380
593 49 663
594 55 3439
595 58 2243
596 59 3742
597 69 1517
598 91 3808
599 36 3495
600 83 2149
601 98 199
602 98 4271
603 91 546
604 66 1147
605 32 1098
606 83 1569
607 30 2724
608 48 851
609 71 3932
610 75 642
611 97 980
612 98 3921
613 52 3652
614 50 391
615 81 2792
616 52 3584
617 27 1293
618 55 619
619 55 4670
620 87 602
621 48 2553
622 56 254
623 77 3267
624 90 3686
625 60 3588
626 87 2425
627 93 4406
628 78 4528
629 24 4651
630 69 2419
631 78 3911
632 73 147
633 93 5407
634 38 2422
635 69 1182
636 61 519
637 52 3230
638 46 4384
639 35 4019
640 68 1494
641 36 2866
642 48 4237
643 90 3634
644 62 1086
645 47 1476
646 62 4572
647 91 3008
648 55 1468
649 69 487
650 64 4231
651 96 3755
652 32 5294
653 38 71
654 30 2213
655 55 1109
656 80 4231
657 54 3288
658 40 1887
659 44 255
660 42 1120
661 92 4695
662 93 1253
663 87 3018
664 93 5077
665 72 3111
666 43 2208
667 66 4816
668 64 3367
669 31 4609
670 66 2160
671 80 1428
672 77 4878
673 20 1896
674 44 551
675 62 1221
676 32 1865
677 74 4300
678 40 3950
679 74 104
680 63 5243
681 99 3378
682 99 509
683 46 820
684 40 1360
685 59 1913
686 83 3458
687 89 5259
688 24 5390
689 89 3466
690 22 947
691 84 1599
692 76 922
693 39 829
694 62 4546
695 86 564
696 65 4652
697 25 1119
698 92 5093
699 52 3618
700 61 2886
701 34 3412
702 78 4454
703 28 3452
704 53 4200
705 47 5337
706 86 4915
707 85 2712
708 79 3260
709 52 1343
710 50 164
711 80 3906
712 52 2580
713 89 917
714 53 622
715 91 1156
716 90 3187
717 52 3241
718 82 274
719 80 5149
720 87 138
721 58 3003
722 34 4727
723 29 1667
724 62 4853
725 85 766
726 59 4599
727 58 2436
728 72 1210
729 64 1500
730 94 672
731 25 2033
732 35 3527
733 43 4263
734 65 1320
735 22 2316
736 34 5171
737 55 1694
738 98 4321
739 91 347
740 89 4351
741 23 4555
742 38 4229
743 81 4206
744 27 2949
745 73 5242
746 59 4958
747 62 1613
748 36 2521
749 45 512
750 47 2536
751 78 5196
752 82 5389
753 90 3397
754 42 594
755 29 3836
756 77 2230
757 76 4216
758 71 4009
759 24 3722
760 42 5240
761 56 62
762 82 3639
763 98 5008
764 88 784
765 78 4804
766 84 1972
767 83 1579
768 47 3758
769 62 1664
770 25 392
771 23 5207
772 66 2650
773 56 1979
774 38 4991
775 52 3414
776 52 1189
777 90 1246
778 56 4327
779 83 3734
780 83 384
781 91 4331
782 75 3191
783 87 4344
784 81 4299
785 53 1659
786 34 2070
787 28 5086
788 66 5269
789 24 2246
790 99 2202
791 33 4642
792 28 2276
793 93 208
794 47 3884
795 85 944
796 27 2199
797 89 733
798 67 494
799 45 1813
800 62 1042
801 38 1968
802 93 779
803 43 5244
804 96 3742
805 93 2897
806 67 4586
807 28 5224
808 92 4104
809 99 4791
810 77 4716
811 48 2333
812 27 2846
813 61 3615
814 61 1971
815 37 838
816 90 1156
817 59 4479
818 43 532
819 32 1153
820 56 1865
821 84 476
822 60 680
823 35 4775
824 22 3659
825 50 975
826 61 4551
827 52 4338
828 79 3356
829 66 947
830 52 4132
831 88 4091
832 28 1912
833 53 3120
834 72 4002
835 52 1684
836 79 3692
837 91 3793
838 63 3689
839 91 3150
840 58 4087
841 83 5356
842 32 3810
843 28 2146
844 50 4106
845 69 2109
846 49 4834
847 66 4899
848 27 3982
849 95 3215
850 23 1310
851 85 3764
852 91 1249
853 86 3789
854 23 3487
855 76 1458
856 24 1973
857 47 4151
858 53 4357
859 85 4131
860 39 3727
861 59 3510
862 24 3108
863 58 4805
864 91 3305
865 84 1696
866 22 893
867 65 3552
868 41 2479
869 66 2194
870 93 455
871 88 2151
872 57 5367
873 33 3404
874 25 922
875 77 2106
876 92 2011
877 77 5019
878 34 3006
879 42 5281
880 85 2040
881 97 4921
882 66 2017
883 93 4334
884 20 4316
885 87 393
886 38 2297
887 51 1752
888 46 2711
889 74 4383
890 88 4772
891 99 3497
892 97 5389
893 64 2336
894 92 2921
895 62 2232
896 36 204
897 58 3028
898 50 1867
899 70 1479
900 44 331
901 91 332
902 98 4473
903 75 5083
904 73 2467
905 35 2650
906 47 462
907 23 3460
908 54 4744
909 57 4730
910 83 3476
911 44 3205
912 80 2755
913 99 1375
914 93 4012
915 74 4603
916 96 441
917 94 665
918 68 4539
919 96 1918
920 39 1837
921 30 5076
922 20 2541
923 68 3926
924 27 4403
925 76 5371
926 65 3811
927 85 2184
928 32 1286
929 73 3414
930 59 2392
931 58 2722
932 55 5286
933 81 4491
934 52 5407
935 84 876
936 91 2257
937 44 5029
938 21 5278
939 73 1774
940 47 2139
941 63 3432
942 20 3916
943 92 913
944 78 4252
945 92 1253
946 97 2067
947 38 2830
948 89 4356
949 22 3441
950 62 1313
951 95 4556
952 42 4028
953 61 1273
954 54 423
955 60 1258
956 25 4619
957 72 5242
958 33 497
959 35 1088
960 34 1808
961 89 800
962 29 2821
963 99 2457
964 60 4902
965 30 4637
966 93 616
967 58 4879
968 80 4816
969 28 5251
970 51 4486
971 92 3449
972 38 3631
973 86 4473
974 45 3108
975 44 4346
976 83 2304
977 61 1001
978 54 1647
979 53 326
980 46 3946
981 99 1560
982 83 2587
983 55 1311
984 31 2167
985 76 1928
986 34 4096
987 94 4826
988 60 2228
989 88 1834
990 38 2893
991 99 1562
992 29 1449
993 88 398
994 35 1256
995 36 103
996 47 5353
997 74 4367
998 28 1686
999 29 2841
1000 56 4047
