NOP: 1000
NINT: 9
0 1103 10
1103 2457 9
2457 3738 8
3738 4350 7
4350 5382 6
5382 6258 5
6258 7588 4
7588 8721 3
8721 300000 2
1 84 7645
2 59 6022
3 36 3081
4 39 122
5 79 2523
6 39 5268
7 21 2365
8 24 2719
9 72 8973
10 50 9432
11 45 9785
12 25 8974
13 95 3193
14 97 2700
15 32 4459
16 40 1101
17 52 8062
18 65 8683
19 62 1928
20 20 1238
21 32 3876
22 95 9372
23 44 812
24 35 8428
25 92 6397
26 29 7533
27 40 4544
28 43 415
29 56 6255
30 55 7438
31 78 9470
32 36 9201
33 82 2974
34 82 5368
35 68 4937
36 53 7592
37 65 1997
38 71 7356
39 54 8970
40 58 2119
41 56 8462
42 92 5654
43 27 5139
44 33 386
45 82 9557
46 55 7521
47 30 1413
48 93 1238
49 75 7184
50 33 9250
51 87 2040
52 36 6691
53 60 938
54 73 7383
55 67 3798
56 86 1789
57 87 3453
58 27 6955
59 88 4722
60 87 8804
61 78 3366
62 81 5323
63 53 8047
64 28 4992
65 21 4633
66 49 8410
67 47 7187
68 36 717
69 39 9088
70 34 8453
71 58 9107
72 79 5029
73 54 3089
74 89 2903
75 96 8464
76 84 3491
77 61 5528
78 62 3001
79 84 7838
80 74 3806
81 46 3967
82 26 3426
83 95 1496
84 79 537
85 86 2800
86 21 1670
87 53 3943
88 53 6094
89 76 3065
90 54 8175
91 93 8221
92 32 9918
93 70 7774
94 27 9025
95 88 9463
96 79 4199
97 85 9780
98 27 5807
99 57 4979
100 58 9354
101 49 3641
102 76 536
103 27 230
104 43 3842
105 33 2149
106 29 5241
107 29 1638
108 27 297
109 39 8797
110 74 5844
111 93 5521
112 55 7533
113 43 9913
114 36 9614
115 22 8933
116 69 2552
117 45 5899
118 40 4642
119 85 6870
120 71 9703
121 38 3268
122 65 9923
123 69 6284
124 40 1242
125 30 2306
126 44 5154
127 29 4201
128 86 6203
129 94 1185
130 34 704
131 21 3867
132 97 7068
133 72 4511
134 39 7696
135 83 2557
136 54 3094
137 47 9887
138 50 1932
139 21 2228
140 47 1940
141 21 4566
142 57 6907
143 94 4590
144 37 1919
145 60 2648
146 59 6318
147 48 5425
148 31 6360
149 79 8634
150 96 7963
151 29 1525
152 43 3503
153 60 1795
154 22 5643
155 55 7677
156 53 1802
157 61 9687
158 76 2610
159 95 7646
160 70 3027
161 26 1927
162 66 8210
163 71 608
164 76 6222
165 65 5753
166 46 2890
167 25 2676
168 21 7122
169 40 9274
170 48 1944
171 90 7875
172 56 7186
173 30 4566
174 74 9419
175 23 3075
176 83 5655
177 59 5794
178 32 6696
179 54 3128
180 29 3557
181 21 5854
182 97 561
183 41 3809
184 69 4063
185 88 5202
186 74 215
187 94 338
188 43 8173
189 99 4396
190 65 8627
191 24 3558
192 94 505
193 25 6253
194 64 4263
195 20 4608
196 47 8573
197 83 2809
198 62 8322
199 38 6571
200 86 2140
201 39 474
202 77 8957
203 21 1028
204 91 5893
205 40 2245
206 84 6706
207 72 8407
208 84 9667
209 58 501
210 38 2475
211 41 5171
212 32 9661
213 32 6300
214 47 297
215 59 727
216 44 829
217 32 5040
218 90 5580
219 51 7601
220 92 6700
221 99 2652
222 62 1939
223 97 1750
224 96 4584
225 54 1066
226 78 1731
227 49 1765
228 86 5735
229 78 3538
230 53 1123
231 97 7597
232 74 9393
233 46 4509
234 83 7795
235 93 2749
236 49 435
237 92 7565
238 90 137
239 53 9215
240 68 5407
241 30 7763
242 36 4006
243 51 62
244 92 7221
245 99 7359
246 78 5523
247 32 4643
248 53 6055
249 79 7555
250 84 5422
251 78 8837
252 90 7845
253 61 8042
254 99 6508
255 75 4726
256 60 3856
257 88 8741
258 95 9215
259 99 6257
260 48 7262
261 81 9824
262 65 8997
263 71 5797
264 44 7719
265 32 3808
266 70 8654
267 94 9386
268 61 1633
269 64 909
270 91 4403
271 63 2903
272 99 8454
273 69 2171
274 43 5214
275 28 118
276 24 8281
277 94 2256
278 52 6101
279 69 2516
280 44 5880
281 88 2306
282 55 9695
283 92 8733
284 76 2853
285 63 8350
286 59 3692
287 77 9770
288 99 8629
289 29 3450
290 83 7298
291 66 5939
292 35 603
293 75 1701
294 37 7745
295 96 4309
296 76 981
297 83 141
298 81 8247
299 73 984
300 60 2964
301 77 7423
302 51 617
303 28 7640
304 92 1437
305 44 2149
306 73 4266
307 76 5980
308 55 2430
309 44 7177
310 44 4977
311 57 6688
312 83 5057
313 66 6585
314 40 5453
315 22 1100
316 45 2251
317 25 2296
318 70 5197
319 27 6726
320 35 1630
321 68 5378
322 33 5996
323 25 4101
324 87 9137
325 44 9721
326 91 3824
327 22 9054
328 54 8456
329 39 119
330 87 9568
331 41 7292
332 60 5206
333 44 5992
334 73 7203
335 34 1308
336 76 6810
337 44 6071
338 36 3562
339 62 8123
340 34 6874
341 58 217
342 55 9599
343 98 1688
344 22 7419
345 56 1403
346 30 3386
347 88 6327
348 28 4599
349 87 1691
350 79 8908
351 86 3394
352 29 3526
353 88 8181
354 96 3245
355 72 8103
356 57 3742
357 37 3607
358 44 6097
359 53 6432
360 81 5560
361 57 7260
362 90 8351
363 77 9570
364 29 6185
365 84 8698
366 73 9198
367 69 5142
368 53 2499
369 21 8407
370 67 6861
371 58 8366
372 32 460
373 79 5052
374 86 2802
375 79 1062
376 78 8758
377 73 3402
378 83 5131
379 58 5748
380 99 3189
381 64 7085
382 57 3947
383 84 4322
384 67 5570
385 70 7987
386 32 6537
387 66 8512
388 28 3710
389 52 5039
390 95 2282
391 66 4378
392 43 7971
393 52 4749
394 34 7742
395 72 1452
396 24 1762
397 52 7001
398 89 923
399 73 7762
400 80 4557
401 66 8000
402 61 2570
403 98 4928
404 90 9551
405 62 2341
406 80 6136
407 44 1485
408 31 4665
409 67 1926
410 68 553
411 49 6459
412 50 1557
413 67 5153
414 38 6451
415 57 7241
416 81 7517
417 74 934
418 64 2252
419 78 3924
420 22 7367
421 31 9560
422 68 263
423 37 1614
424 81 3852
425 65 1902
426 38 9481
427 73 8328
428 84 8664
429 51 4003
430 69 690
431 58 1264
432 37 1544
433 35 8154
434 80 2130
435 86 9523
436 63 9786
437 48 9251
438 74 8792
439 86 2169
440 26 4075
441 52 7880
442 66 1688
443 66 1297
444 46 3184
445 53 5910
446 93 6348
447 58 4825
448 48 8922
449 21 2392
450 97 8110
451 59 933
452 73 6868
453 59 2891
454 55 7805
455 25 7340
456 98 5688
457 53 5717
458 28 2940
459 93 2278
460 28 5523
461 58 9106
462 40 6575
463 42 1585
464 23 636
465 50 4938
466 48 8554
467 48 7952
468 94 6912
469 45 9573
470 59 3889
471 28 7233
472 38 8303
473 52 6270
474 54 3940
475 79 5555
476 58 817
477 54 3210
478 27 3159
479 94 7209
480 48 4492
481 80 6335
482 22 7992
483 50 7602
484 89 8787
485 59 3523
486 78 4354
487 91 2345
488 85 1650
489 63 4817
490 30 2904
491 30 9464
492 76 7655
493 79 4572
494 67 8886
495 64 3553
496 69 8636
497 24 2781
498 47 914
499 43 3985
500 95 7282
501 23 6891
502 21 5527
503 50 5342
504 33 4069
505 86 579
506 91 5950
507 33 2659
508 56 5034
509 22 1975
510 79 8322
511 35 9831
512 89 3302
513 95 7449
514 63 1220
515 65 4223
516 49 5783
517 74 872
518 52 4415
519 39 136
520 90 2764
521 69 8557
522 30 2859
523 91 8529
524 98 1548
525 25 346
526 64 8089
527 95 1297
528 98 9741
529 91 1110
530 39 1208
531 52 8954
532 34 8658
533 75 6868
534 76 3396
535 30 1905
536 32 6722
537 24 2639
538 56 2007
539 96 3936
540 81 6421
541 22 8107
542 49 2082
543 34 700
544 69 1183
545 79 592
546 44 1452
547 93 2447
548 28 5125
549 43 6590
550 86 6047
551 62 5309
552 79 837
553 99 3141
554 93 9688
555 67 4751
556 93 7211
557 72 4681
558 81 8735
559 56 6047
560 84 6002
561 68 5567
562 28 3856
563 27 4938
564 37 5431
565 70 269
566 62 8981
567 31 9433
568 69 1495
569 21 8261
570 90 3526
571 84 2954
572 83 7177
573 90 9554
574 43 5663
575 77 1123
576 83 8235
577 23 9814
578 66 3965
579 24 5623
580 91 8087
581 58 168
582 83 7315
583 73 531
584 51 9340
585 66 1593
586 96 746
587 30 8480
588 60 897
589 58 5105
590 81 8092
591 33 380
592 40 3910
593 40 120
594 60 1847
595 30 6483
596 85 338
597 56 9721
598 46 9064
599 66 543
600 87 9498
601 32 8510
602 56 2337
603 47 5814
604 52 5607
605 69 5427
606 76 8880
607 86 2682
608 67 8473
609 33 8292
610 89 6141
611 38 6602
612 78 7727
613 40 4825
614 43 8634
615 76 5421
616 84 6548
617 87 9843
618 99 9637
619 35 7404
620 47 3543
621 97 415
622 65 1385
623 81 7644
624 79 6378
625 87 5458
626 58 2865
627 76 1934
628 75 6538
629 85 2312
630 68 8840
631 40 7197
632 86 2896
633 51 3382
634 93 9098
635 83 9929
636 78 343
637 63 6355
638 36 8221
639 52 4466
640 25 9626
641 95 5024
642 69 5191
643 25 4549
644 40 3352
645 87 5130
646 71 7180
647 22 2421
648 31 7489
649 80 7531
650 58 4050
651 23 6615
652 74 1830
653 38 755
654 85 6283
655 95 3229
656 59 6455
657 91 2238
658 90 463
659 74 3816
660 68 463
661 45 3179
662 27 6350
663 63 4126
664 83 3196
665 25 7584
666 70 1330
667 83 9947
668 53 9145
669 33 6228
670 32 3217
671 40 1007
672 57 760
673 34 7724
674 55 2540
675 28 3300
676 56 8617
677 22 736
678 58 8135
679 25 6152
680 23 1031
681 55 3326
682 67 3259
683 40 5123
684 59 4066
685 68 5236
686 92 3523
687 36 3937
688 33 3828
689 78 9787
690 57 6618
691 58 1338
692 81 4149
693 56 8139
694 55 3461
695 63 3655
696 93 6874
697 28 1326
698 59 5265
699 61 1047
700 42 6881
701 99 1108
702 91 169
703 62 1728
704 60 5634
705 24 9535
706 39 866
707 20 5838
708 57 5947
709 27 7356
710 34 8698
711 60 3251
712 68 9580
713 63 997
714 98 8088
715 31 7374
716 57 9115
717 95 7052
718 53 7439
719 34 9635
720 89 9268
721 80 8071
722 28 4527
723 48 7382
724 46 962
725 89 9103
726 55 1539
727 29 399
728 59 5499
729 27 5206
730 93 5718
731 43 6144
732 69 5668
733 86 6825
734 91 4702
735 20 3414
736 67 6664
737 42 7714
738 42 3295
739 52 6358
740 63 5333
741 43 5390
742 25 8803
743 34 8770
744 62 8643
745 63 2674
746 66 4088
747 39 6452
748 94 7732
749 73 6782
750 94 9552
751 43 1655
752 88 5494
753 45 7670
754 44 6289
755 98 728
756 57 3226
757 69 8008
758 99 4723
759 51 7275
760 76 1750
761 63 6612
762 90 3847
763 76 3780
764 93 5526
765 36 3190
766 49 4895
767 96 2963
768 70 6191
769 28 6656
770 34 5746
771 21 8050
772 38 2306
773 22 9207
774 78 1524
775 38 5285
776 21 2034
777 70 9605
778 59 7277
779 61 1544
780 66 1618
781 40 2616
782 88 6447
783 81 4152
784 58 8892
785 47 7388
786 27 1758
787 81 8712
788 61 9878
789 70 4947
790 95 5138
791 51 745
792 29 5184
793 65 4913
794 99 8738
795 89 2696
796 35 8346
797 64 2571
798 80 7291
799 43 5402
800 27 907
801 65 5017
802 91 8991
803 85 8545
804 45 6812
805 25 5441
806 47 265
807 82 4184
808 80 1248
809 36 5275
810 22 862
811 59 8110
812 37 1351
813 51 903
814 59 2395
815 90 1760
816 21 57
817 56 5635
818 75 8917
819 94 9661
820 68 1189
821 62 7911
822 38 1913
823 71 3156
824 77 2185
825 95 7900
826 24 351
827 62 9176
828 24 1673
829 22 1982
830 47 9437
831 47 9466
832 55 3344
833 27 4310
834 29 6278
835 66 8538
836 64 3789
837 32 7508
838 72 3127
839 59 1722
840 86 1661
841 55 4862
842 40 8896
843 95 5406
844 71 4371
845 52 9430
846 41 6057
847 74 4366
848 35 7224
849 64 7771
850 22 6962
851 86 3729
852 85 9692
853 87 543
854 98 1227
855 88 1022
856 21 2347
857 25 6515
858 40 4174
859 36 196
860 86 4792
861 49 9532
862 35 6736
863 56 1630
864 93 1934
865 37 3544
866 72 4253
867 47 775
868 53 7382
869 71 9375
870 48 561
871 26 1925
872 87 8968
873 91 6264
874 86 1330
875 66 4689
876 80 1973
877 71 8875
878 20 8063
879 31 2253
880 64 6719
881 79 6939
882 45 3663
883 82 3320
884 98 6093
885 75 9127
886 93 4587
887 28 9781
888 70 3080
889 69 575
890 81 1387
891 20 2321
892 58 1679
893 44 1363
894 27 6719
895 65 968
896 36 2911
897 39 2457
898 39 2094
899 48 7250
900 95 4521
901 40 2688
902 65 3567
903 76 3350
904 88 9354
905 35 5387
906 87 9143
907 28 6276
908 71 2000
909 33 3500
910 50 9381
911 42 8310
912 38 1414
913 73 5238
914 68 5177
915 89 4294
916 94 6778
917 40 8008
918 71 4094
919 89 7983
920 54 7350
921 61 1207
922 97 5187
923 52 6707
924 74 1763
925 50 6277
926 80 184
927 82 7896
928 47 1939
929 20 7559
930 75 8738
931 62 9739
932 36 9748
933 71 1099
934 75 6197
935 64 8282
936 50 6643
937 60 7543
938 35 2819
939 73 7003
940 93 9797
941 45 7865
942 65 5744
943 22 9393
944 25 5568
945 89 1237
946 59 568
947 71 9177
948 98 1824
949 23 468
950 24 5226
951 25 9454
952 73 2073
953 82 6470
954 30 1182
955 92 6054
956 49 6212
957 55 9024
958 28 7193
959 44 7387
960 63 2574
961 39 3665
962 94 7573
963 96 5582
964 89 3681
965 39 2853
966 39 9526
967 61 5498
968 67 8239
969 78 338
970 51 1155
971 94 3360
972 87 5274
973 33 9226
974 86 6852
975 25 2503
976 67 6084
977 78 149
978 31 1728
979 33 8476
980 89 8259
981 85 3021
982 94 317
983 57 9752
984 65 2373
985 90 3768
986 79 6978
987 27 1979
988 55 6032
989 24 3321
990 43 3523
991 79 5262
992 85 7527
993 45 1586
994 71 531
995 51 7155
996 77 395
997 98 9893
998 95 2821
999 46 3169
1000 98 5970
