NOP: 1000
NINT: 29
0 184 10
184 310 11
310 503 12
503 633 13
633 769 14
769 949 15
949 1193 16
1193 1379 17
1379 1579 18
1579 1811 19
1811 1930 20
1930 2081 19
2081 2259 18
2259 2401 17
2401 2596 16
2596 2733 15
2733 2892 14
2892 3027 13
3027 3147 12
3147 3306 11
3306 3496 10
3496 3690 9
3690 3875 8
3875 4016 7
4016 4183 6
4183 4392 5
4392 4572 4
4572 4725 3
4725 300000 2
1 31 4110
2 34 4757
3 22 2185
4 71 156
5 52 2851
6 83 4660
7 31 349
8 94 2518
9 47 3597
10 27 806
11 59 2909
12 93 374
13 85 3744
14 98 1602
15 59 902
16 88 4684
17 57 4296
18 81 4293
19 77 3972
20 51 3330
21 29 2708
22 77 4065
23 47 1450
24 99 4546
25 96 1675
26 29 2422
27 45 4176
28 70 2640
29 37 1108
30 78 1814
31 70 4007
32 62 3627
33 38 4373
34 61 490
35 27 4298
36 60 1675
37 36 4739
38 81 1529
39 52 3645
40 48 1710
41 48 3974
42 55 363
43 42 4208
44 76 3053
45 94 2028
46 73 4144
47 92 1798
48 65 4329
49 70 2916
50 86 4024
51 52 363
52 59 1374
53 59 1407
54 81 1785
55 77 3082
56 87 1091
57 77 3013
58 88 4384
59 74 3432
60 62 2264
61 93 4342
62 23 4204
63 64 794
64 68 4619
65 85 3843
66 87 208
67 22 2412
68 81 2705
69 83 2406
70 28 4578
71 26 1388
72 78 3193
73 31 2665
74 63 394
75 63 2367
76 36 1866
77 78 2636
78 64 2837
79 45 803
80 38 2801
81 52 2475
82 82 937
83 59 387
84 67 3159
85 25 2951
86 98 1650
87 73 409
88 27 68
89 75 579
90 39 1780
91 64 1548
92 99 3932
93 49 1193
94 92 1235
95 72 3481
96 32 2378
97 37 3209
98 58 2622
99 33 4466
100 21 2336
101 38 1486
102 92 4415
103 47 697
104 28 2367
105 92 1192
106 99 4307
107 41 481
108 78 1104
109 31 725
110 43 1324
111 43 4145
112 71 1299
113 25 3200
114 33 3189
115 21 4036
116 70 222
117 27 1507
118 38 1648
119 33 403
120 49 4789
121 96 999
122 48 2807
123 61 4759
124 74 2337
125 27 2267
126 21 2510
127 34 938
128 70 3431
129 82 3245
130 99 3744
131 66 4261
132 43 3165
133 82 1900
134 77 2849
135 40 4240
136 69 4545
137 48 3779
138 28 1311
139 65 857
140 39 4022
141 38 4667
142 54 3622
143 45 2349
144 64 999
145 44 2295
146 49 4486
147 51 2309
148 30 897
149 42 886
150 67 2820
151 75 1663
152 45 995
153 20 2389
154 99 2605
155 25 728
156 21 2334
157 20 408
158 82 3897
159 51 925
160 48 4601
161 42 3605
162 94 258
163 23 1806
164 37 1498
165 92 4596
166 55 4019
167 95 1984
168 59 4642
169 51 2850
170 71 184
171 46 2205
172 99 3916
173 84 673
174 85 426
175 36 3133
176 54 3092
177 20 1123
178 88 243
179 72 3513
180 81 421
181 68 2840
182 54 2276
183 48 694
184 26 2376
185 39 4503
186 57 3370
187 23 4363
188 37 2204
189 88 4763
190 48 233
191 60 423
192 36 2753
193 65 2016
194 74 4727
195 93 4538
196 62 3316
197 45 600
198 53 172
199 75 1866
200 41 3255
201 58 3509
202 57 4237
203 67 1128
204 39 2193
205 88 2612
206 89 2210
207 32 2647
208 90 4578
209 72 4457
210 81 138
211 84 1106
212 63 1826
213 84 1646
214 51 3220
215 70 4079
216 41 2772
217 93 4713
218 59 2338
219 94 778
220 59 1389
221 71 3631
222 55 3683
223 49 4112
224 96 2112
225 30 1507
226 33 4169
227 61 3976
228 39 4091
229 91 134
230 40 577
231 77 3899
232 70 169
233 96 3214
234 93 1907
235 44 2424
236 98 4319
237 66 283
238 86 1280
239 68 4630
240 98 3578
241 78 3030
242 72 2961
243 38 3799
244 21 1416
245 66 2965
246 66 4714
247 46 2095
248 98 4004
249 49 3525
250 51 593
251 38 2252
252 31 4734
253 43 3427
254 29 1612
255 69 699
256 89 836
257 97 3347
258 93 2258
259 32 4514
260 56 356
261 46 479
262 34 389
263 69 493
264 76 1087
265 52 366
266 45 1116
267 70 1672
268 71 2866
269 33 2114
270 80 3196
271 33 483
272 27 420
273 23 3745
274 84 2591
275 22 1533
276 93 2313
277 96 1606
278 45 2983
279 85 173
280 97 1465
281 46 3707
282 25 3236
283 36 4602
284 41 1158
285 51 1246
286 49 1271
287 40 842
288 34 253
289 67 2838
290 84 3839
291 89 4075
292 97 1535
293 54 4829
294 56 4245
295 37 1842
296 57 4093
297 60 3849
298 81 3983
299 30 1308
300 54 897
301 60 3619
302 55 2792
303 52 4376
304 81 1125
305 42 3996
306 68 2470
307 62 1128
308 58 3926
309 65 1236
310 69 2699
311 62 3223
312 40 4518
313 87 3242
314 64 2528
315 22 2407
316 29 1975
317 61 4288
318 72 3853
319 54 927
320 50 697
321 37 3133
322 91 1475
323 87 3359
324 63 567
325 84 878
326 37 3393
327 45 2745
328 24 2052
329 41 676
330 51 3750
331 61 3411
332 27 4534
333 88 4632
334 47 2310
335 85 2066
336 89 4342
337 91 4799
338 60 2193
339 92 305
340 26 3391
341 89 4794
342 68 966
343 79 2493
344 52 1923
345 89 2245
346 58 2431
347 97 3687
348 62 295
349 38 4405
350 56 788
351 85 2876
352 28 4741
353 45 297
354 63 4825
355 99 2997
356 54 3634
357 98 450
358 29 3254
359 41 82
360 20 1425
361 99 1097
362 52 3351
363 30 3441
364 47 2840
365 38 4789
366 63 839
367 58 1592
368 70 856
369 94 759
370 53 3669
371 89 1735
372 87 4286
373 36 3939
374 53 673
375 32 968
376 63 1283
377 34 3858
378 69 4328
379 86 4574
380 59 2145
381 68 266
382 61 1235
383 27 2656
384 85 1944
385 87 3016
386 31 3035
387 78 2299
388 56 3931
389 48 2496
390 29 1834
391 83 2666
392 91 1770
393 80 228
394 38 214
395 26 3287
396 74 2564
397 58 1374
398 42 2922
399 58 525
400 26 316
401 72 4150
402 46 2009
403 20 2958
404 95 491
405 40 3725
406 79 1401
407 72 514
408 99 4729
409 62 901
410 60 1449
411 90 3065
412 41 1957
413 72 4157
414 71 119
415 36 3752
416 63 1837
417 28 2950
418 91 3393
419 70 3283
420 42 4488
421 72 692
422 79 1383
423 44 4259
424 76 2641
425 52 4014
426 94 1675
427 85 4305
428 51 1840
429 34 3199
430 98 2316
431 46 3526
432 62 3996
433 49 4604
434 97 2107
435 29 2493
436 27 334
437 90 1979
438 63 1109
439 35 4774
440 45 3293
441 72 2573
442 95 2375
443 22 445
444 84 2603
445 22 4076
446 89 1124
447 79 106
448 44 3846
449 24 174
450 73 4116
451 78 2457
452 20 2928
453 77 3653
454 71 3471
455 20 3537
456 97 4541
457 76 4242
458 37 4438
459 43 3648
460 23 335
461 52 2524
462 71 2539
463 83 886
464 93 3956
465 21 1478
466 26 245
467 34 3729
468 56 460
469 65 3017
470 24 1344
471 85 200
472 98 4697
473 46 4166
474 52 3356
475 70 457
476 41 4490
477 63 3558
478 63 2187
479 36 2436
480 63 4482
481 69 1767
482 34 2128
483 25 1330
484 72 2664
485 21 2207
486 80 593
487 30 3872
488 88 4155
489 99 4090
490 68 425
491 91 1135
492 63 2068
493 55 246
494 80 1187
495 27 4616
496 51 1920
497 66 1149
498 51 4438
499 23 4776
500 67 2969
501 46 334
502 59 3619
503 95 1042
504 27 891
505 36 586
506 31 3019
507 39 4196
508 83 3888
509 48 2755
510 89 2284
511 55 4311
512 90 792
513 60 3985
514 83 584
515 50 3444
516 74 3514
517 98 3911
518 60 1184
519 75 2996
520 35 1679
521 70 2014
522 81 303
523 39 3471
524 80 1382
525 92 721
526 88 1136
527 24 1291
528 62 3654
529 36 3088
530 86 3696
531 53 492
532 67 3173
533 40 171
534 33 2190
535 57 3617
536 50 3542
537 24 2193
538 97 1528
539 36 1185
540 97 4032
541 48 3457
542 91 4497
543 69 3111
544 31 2556
545 42 3910
546 89 3693
547 54 2360
548 61 743
549 72 2132
550 89 875
551 99 3419
552 36 3428
553 20 1922
554 76 173
555 59 4100
556 62 63
557 97 348
558 65 2288
559 36 4279
560 27 4020
561 39 1825
562 51 1729
563 84 3177
564 65 2717
565 63 1250
566 61 3658
567 60 4707
568 47 3434
569 97 448
570 49 1744
571 30 2069
572 52 773
573 39 2026
574 72 487
575 61 594
576 35 1003
577 69 3727
578 21 597
579 56 4622
580 89 1248
581 28 708
582 41 2980
583 70 4622
584 44 1688
585 54 4123
586 44 585
587 49 160
588 54 463
589 41 1161
590 62 1139
591 33 2218
592 47 4435
593 88 688
594 80 3805
595 38 3689
596 57 2239
597 47 4064
598 80 3527
599 89 2079
600 72 2047
601 53 3843
602 60 4184
603 43 911
604 83 4207
605 74 4714
606 74 2919
607 93 142
608 53 871
609 62 4198
610 34 2542
611 43 3565
612 72 2927
613 84 827
614 97 1427
615 82 2715
616 49 2384
617 56 2260
618 47 3908
619 47 2351
620 82 368
621 82 253
622 91 4263
623 59 346
624 50 4364
625 91 375
626 86 2442
627 58 404
628 31 2458
629 99 4119
630 42 124
631 65 922
632 95 1655
633 46 3198
634 23 3434
635 70 4715
636 60 950
637 31 1654
638 79 1225
639 74 1958
640 71 4529
641 64 2479
642 36 1751
643 69 3093
644 77 4674
645 63 3066
646 62 4770
647 64 2792
648 64 2911
649 56 989
650 65 626
651 68 1999
652 71 2802
653 21 1421
654 41 3836
655 30 2825
656 27 2102
657 20 3842
658 31 916
659 88 2087
660 59 1888
661 76 4700
662 36 4416
663 33 4801
664 86 2688
665 88 4192
666 84 2269
667 55 1971
668 93 2079
669 36 1009
670 49 4424
671 93 4210
672 74 800
673 38 4512
674 34 2816
675 71 2418
676 57 3031
677 47 4496
678 24 1430
679 60 3987
680 50 4087
681 96 4711
682 85 3728
683 31 180
684 59 1153
685 92 4367
686 54 54
687 91 942
688 95 3242
689 90 375
690 77 4224
691 62 3014
692 29 3474
693 26 2378
694 48 1526
695 43 78
696 23 2329
697 34 477
698 92 4460
699 72 3814
700 31 2612
701 23 1992
702 90 4835
703 56 4704
704 65 3786
705 81 2398
706 58 1019
707 75 386
708 52 4702
709 32 4251
710 66 101
711 46 4835
712 73 3448
713 39 2277
714 59 3703
715 94 1443
716 36 3509
717 42 2814
718 76 3368
719 43 3907
720 48 4213
721 72 1398
722 50 4330
723 47 2305
724 78 3927
725 34 3661
726 51 405
727 24 4516
728 20 192
729 90 3468
730 69 2576
731 43 4194
732 92 1418
733 46 1137
734 26 4128
735 63 4091
736 47 2228
737 94 594
738 35 4851
739 48 4656
740 37 2036
741 96 3536
742 90 4795
743 33 4422
744 45 3249
745 24 46
746 72 954
747 47 4682
748 73 1610
749 73 3319
750 82 2887
751 54 3869
752 24 2160
753 48 2806
754 59 2335
755 94 3096
756 88 3160
757 99 1884
758 50 4797
759 74 405
760 81 3564
761 45 974
762 60 3515
763 95 1495
764 22 3772
765 37 4539
766 83 220
767 45 3862
768 84 4051
769 99 3345
770 90 4395
771 97 2435
772 25 4094
773 92 2456
774 46 1496
775 86 2959
776 24 1542
777 79 1642
778 35 4233
779 62 2377
780 21 4387
781 26 231
782 37 1860
783 58 3483
784 46 3797
785 20 3782
786 59 4667
787 80 1985
788 73 1810
789 41 3742
790 64 4853
791 72 873
792 96 1712
793 99 3384
794 43 1147
795 68 982
796 28 2176
797 20 488
798 44 1675
799 84 743
800 92 2112
801 53 2599
802 89 2414
803 23 1238
804 92 3064
805 62 4474
806 78 166
807 20 1632
808 80 2727
809 34 979
810 91 366
811 93 155
812 79 79
813 45 2318
814 27 1960
815 56 1894
816 59 339
817 31 2303
818 98 3098
819 59 1703
820 88 3375
821 27 3927
822 50 4545
823 81 2439
824 78 1320
825 98 838
826 59 4162
827 61 2370
828 82 1502
829 26 2281
830 40 4270
831 54 118
832 22 4774
833 26 2249
834 24 4763
835 96 4082
836 38 829
837 24 601
838 99 366
839 71 1331
840 96 126
841 55 1567
842 27 2303
843 49 4487
844 57 3302
845 36 2098
846 66 2666
847 88 1299
848 42 4171
849 82 4742
850 20 1646
851 76 4845
852 34 4365
853 92 4649
854 48 491
855 92 4337
856 32 1680
857 48 4428
858 63 4787
859 60 4571
860 90 4576
861 68 1256
862 94 1744
863 69 3726
864 27 2381
865 59 3378
866 57 2805
867 85 4713
868 83 267
869 82 1749
870 21 1364
871 94 4090
872 54 2978
873 53 586
874 51 3952
875 99 2722
876 27 3277
877 48 4210
878 37 4365
879 92 431
880 30 537
881 69 2705
882 29 213
883 77 3256
884 66 2746
885 80 2650
886 26 4112
887 39 522
888 72 1632
889 78 1333
890 67 633
891 39 4322
892 43 931
893 55 1933
894 54 1578
895 49 942
896 95 727
897 51 3466
898 83 4330
899 46 62
900 34 2149
901 58 405
902 30 3555
903 92 3675
904 35 1808
905 67 1289
906 44 96
907 66 248
908 55 3216
909 46 3421
910 77 4261
911 71 2594
912 24 2198
913 91 3529
914 20 2591
915 68 3668
916 73 4595
917 70 3866
918 45 3687
919 42 592
920 97 3743
921 32 1076
922 75 3720
923 82 4685
924 90 953
925 34 2502
926 65 2898
927 46 4132
928 29 4628
929 37 4744
930 53 4352
931 92 579
932 65 170
933 67 3321
934 28 2975
935 38 4541
936 64 2026
937 38 3862
938 74 1817
939 54 2423
940 30 3877
941 88 1261
942 91 834
943 74 2693
944 74 2317
945 81 3619
946 83 3060
947 92 1174
948 99 2120
949 32 4493
950 55 288
951 78 4753
952 39 73
953 36 1369
954 89 2830
955 94 1350
956 53 3091
957 67 250
958 61 4837
959 20 4825
960 41 4218
961 72 4590
962 64 4690
963 79 355
964 91 2564
965 79 4251
966 20 536
967 40 889
968 90 1300
969 46 2687
970 21 347
971 48 1367
972 76 3068
973 22 419
974 67 2460
975 79 1627
976 74 3451
977 91 882
978 42 1102
979 68 4818
980 75 2411
981 45 948
982 89 777
983 50 707
984 49 4855
985 65 3338
986 98 2472
987 37 1215
988 77 2686
989 29 2882
990 30 2740
991 63 1601
992 87 1445
993 66 3229
994 46 2172
995 46 775
996 33 2168
997 54 4693
998 90 2061
999 26 1572
1000 84 4028
