NOP: 1000
NINT: 12
0 921 7
921 1504 8
1504 2273 9
2273 3278 10
3278 3834 9
3834 4449 8
4449 5325 7
5325 6136 6
6136 6912 5
6912 7585 4
7585 8359 3
8359 300000 2
1 83 432
2 43 1819
3 97 3822
4 37 3991
5 65 444
6 31 7527
7 90 7476
8 67 863
9 95 999
10 99 2050
11 67 2618
12 36 8709
13 64 2780
14 91 6368
15 39 4384
16 98 2728
17 68 1890
18 21 7096
19 84 2920
20 58 7004
21 74 439
22 86 6539
23 86 5921
24 66 2944
25 46 8657
26 65 7213
27 35 1214
28 56 6853
29 33 1812
30 98 1273
31 24 742
32 28 5502
33 89 4473
34 65 5379
35 76 5545
36 80 3811
37 37 1772
38 80 6071
39 59 8932
40 50 1558
41 78 7602
42 23 8053
43 46 7288
44 62 9173
45 38 341
46 53 6702
47 98 6017
48 38 7561
49 64 2036
50 41 475
51 52 6265
52 59 7116
53 34 1347
54 83 4178
55 45 4680
56 46 2996
57 29 2779
58 94 6250
59 87 7263
60 38 3707
61 73 4467
62 60 6667
63 29 6695
64 88 4759
65 95 1463
66 24 3312
67 34 5818
68 70 7425
69 94 4951
70 20 574
71 55 8682
72 57 3450
73 97 2116
74 72 5321
75 41 7670
76 90 8506
77 26 5517
78 23 7352
79 54 3306
80 83 3818
81 44 7046
82 57 361
83 49 5304
84 54 6970
85 57 5006
86 37 1808
87 56 5124
88 52 5981
89 97 1616
90 72 8377
91 95 528
92 32 3152
93 43 3441
94 87 594
95 67 6348
96 47 6406
97 85 5390
98 68 4952
99 57 6988
100 92 4506
101 45 7342
102 48 8693
103 60 2886
104 26 4625
105 54 3400
106 54 6334
107 73 2140
108 21 98
109 27 2609
110 69 6909
111 69 4484
112 81 4922
113 66 3878
114 83 3913
115 91 4571
116 78 5088
117 80 1458
118 68 3518
119 98 8392
120 88 8658
121 45 5882
122 69 8872
123 69 5280
124 72 1858
125 43 8770
126 91 2477
127 82 2336
128 63 5214
129 52 203
130 71 6927
131 64 7269
132 30 1278
133 91 1177
134 58 858
135 75 2761
136 55 7943
137 99 6403
138 66 8354
139 27 7561
140 94 2772
141 84 5551
142 41 9100
143 61 1186
144 95 7418
145 40 8835
146 24 318
147 51 1367
148 24 3033
149 91 5605
150 36 2726
151 53 3963
152 57 4184
153 97 438
154 20 3866
155 36 6922
156 27 5210
157 30 1001
158 66 1039
159 30 9143
160 53 3316
161 83 5664
162 34 1612
163 30 2129
164 24 5859
165 98 6216
166 71 5512
167 80 1283
168 87 639
169 31 3865
170 94 8914
171 79 7280
172 41 4161
173 35 5531
174 83 1072
175 65 453
176 97 1110
177 77 6018
178 67 2296
179 96 7312
180 62 5549
181 32 4824
182 47 2135
183 28 4246
184 50 4900
185 75 1340
186 59 5301
187 39 5844
188 94 5390
189 54 5765
190 91 6829
191 60 780
192 63 1087
193 63 7858
194 81 7667
195 25 471
196 87 3906
197 39 456
198 90 2564
199 35 1490
200 83 5182
201 80 375
202 68 4918
203 76 3658
204 64 1691
205 76 6663
206 42 4058
207 92 1603
208 28 360
209 77 8654
210 59 2646
211 55 68
212 40 8410
213 96 3708
214 29 3498
215 85 6514
216 68 2662
217 43 1173
218 78 4419
219 79 5151
220 89 2305
221 96 3469
222 68 5196
223 59 9097
224 97 8565
225 98 1810
226 38 2553
227 32 5569
228 40 7423
229 89 9126
230 52 5525
231 28 1177
232 26 7795
233 66 786
234 24 996
235 65 4423
236 56 402
237 63 3389
238 25 8204
239 59 4013
240 60 1530
241 77 2287
242 53 2380
243 92 6941
244 38 1484
245 51 3225
246 89 7048
247 29 1938
248 75 1968
249 61 4036
250 57 451
251 28 7037
252 50 8224
253 58 1490
254 36 366
255 63 630
256 93 7785
257 50 1933
258 37 5566
259 66 3648
260 38 3647
261 97 5289
262 52 7855
263 96 8501
264 48 3577
265 65 5220
266 67 6398
267 48 9143
268 64 2995
269 39 5831
270 49 8170
271 41 4795
272 91 3860
273 70 6881
274 62 2057
275 99 3224
276 62 1658
277 32 6840
278 88 4690
279 51 5739
280 80 1463
281 85 7091
282 55 2877
283 77 3976
284 77 6313
285 37 6693
286 96 4214
287 72 2361
288 93 2302
289 89 8049
290 90 5761
291 85 4365
292 53 2879
293 65 3798
294 35 3926
295 92 8481
296 45 5953
297 44 7150
298 56 8986
299 23 219
300 35 2169
301 91 7422
302 94 1126
303 75 3854
304 75 2240
305 30 4781
306 45 73
307 22 5751
308 26 5545
309 34 6435
310 52 1679
311 30 8699
312 98 5129
313 47 1663
314 57 6049
315 52 3416
316 32 711
317 87 4958
318 24 1426
319 70 5041
320 20 2145
321 35 5429
322 75 6902
323 78 3807
324 65 7330
325 92 4375
326 26 1719
327 52 2872
328 49 8868
329 72 2884
330 84 7056
331 39 7621
332 81 8304
333 74 1765
334 35 7034
335 74 1101
336 28 2694
337 76 6447
338 58 3878
339 24 4599
340 96 9190
341 98 2911
342 78 7805
343 85 3781
344 60 624
345 86 3846
346 32 1045
347 99 3124
348 86 686
349 68 2994
350 97 7631
351 31 2629
352 86 3595
353 56 4819
354 70 2062
355 48 8355
356 55 6328
357 59 83
358 52 2293
359 49 766
360 86 6780
361 71 3909
362 21 2560
363 85 8434
364 22 5535
365 92 1854
366 69 6498
367 39 6843
368 33 1807
369 61 6687
370 32 2468
371 82 3673
372 82 4395
373 28 5918
374 89 7656
375 45 4219
376 95 3672
377 74 4722
378 53 2062
379 37 216
380 69 5503
381 26 8154
382 32 8026
383 93 6165
384 65 575
385 34 374
386 48 2794
387 20 8856
388 30 8572
389 68 1195
390 77 7876
391 62 3342
392 64 106
393 99 2584
394 65 6390
395 22 4709
396 36 1897
397 72 7307
398 41 6478
399 82 9133
400 73 8051
401 27 7490
402 24 8399
403 41 2742
404 38 7407
405 51 807
406 45 3100
407 93 3265
408 67 4444
409 75 6536
410 20 9048
411 74 6022
412 22 3457
413 29 6164
414 79 8891
415 55 4763
416 51 1512
417 61 8364
418 20 4320
419 36 8512
420 60 8947
421 89 6767
422 84 3004
423 48 6886
424 20 3861
425 35 442
426 40 5099
427 23 8418
428 61 1384
429 37 7742
430 52 2248
431 76 5477
432 20 8320
433 38 3642
434 84 6070
435 97 3952
436 93 6939
437 67 3995
438 75 8115
439 99 2142
440 47 1117
441 74 1586
442 32 9114
443 42 8502
444 98 5874
445 95 2078
446 33 1802
447 79 310
448 28 687
449 41 6337
450 76 4956
451 68 8420
452 53 7862
453 62 76
454 25 1849
455 39 6868
456 71 7696
457 99 1745
458 72 6307
459 82 6102
460 47 4525
461 78 8110
462 42 3027
463 53 1123
464 37 1617
465 68 948
466 33 1602
467 33 6500
468 50 7050
469 47 5646
470 42 6129
471 61 5700
472 67 6277
473 27 5542
474 32 1769
475 36 6106
476 48 8702
477 61 3859
478 43 104
479 98 9005
480 71 6467
481 73 4142
482 67 78
483 69 5952
484 86 9118
485 97 922
486 71 4270
487 55 7253
488 48 7719
489 92 9070
490 41 5085
491 68 5364
492 88 2192
493 62 3686
494 28 905
495 44 4637
496 88 1578
497 86 3735
498 31 7459
499 50 4511
500 27 3329
501 91 4771
502 34 2003
503 20 7828
504 73 9159
505 55 7693
506 78 7407
507 62 2445
508 67 8463
509 82 5270
510 92 5870
511 32 8725
512 70 1676
513 38 1261
514 70 7542
515 83 2729
516 51 5528
517 94 9098
518 43 1801
519 46 1251
520 75 5034
521 92 3386
522 29 6402
523 25 6103
524 74 8958
525 86 7758
526 72 2327
527 54 7213
528 27 7969
529 60 3964
530 76 8855
531 35 4937
532 63 2528
533 98 5484
534 48 570
535 78 456
536 69 188
537 30 5246
538 53 8359
539 33 7101
540 72 2986
541 22 4523
542 28 7684
543 21 7554
544 73 1915
545 21 912
546 87 963
547 74 5752
548 45 7834
549 95 9091
550 44 1493
551 26 1423
552 41 6351
553 47 6781
554 33 3273
555 90 7669
556 61 3292
557 37 4424
558 94 6802
559 43 3561
560 51 2612
561 60 2867
562 56 2664
563 45 6279
564 43 9083
565 28 7291
566 50 7051
567 95 5969
568 26 6753
569 62 4837
570 78 2470
571 86 127
572 46 1569
573 48 2542
574 29 1452
575 79 1238
576 21 1586
577 37 4570
578 59 9197
579 35 9124
580 63 636
581 72 8904
582 43 7668
583 95 3312
584 93 4498
585 73 500
586 40 8403
587 81 8089
588 27 3564
589 96 5047
590 41 3487
591 29 913
592 49 5768
593 46 2112
594 27 2423
595 20 6906
596 21 7057
597 78 5185
598 88 8644
599 58 6498
600 26 4207
601 91 921
602 53 6548
603 22 4157
604 63 6983
605 21 6315
606 41 783
607 81 2223
608 47 7670
609 98 316
610 95 3722
611 66 6754
612 82 6826
613 71 2954
614 74 6578
615 48 6339
616 91 7613
617 68 7065
618 77 2002
619 24 4384
620 74 6243
621 65 4192
622 28 6299
623 97 8769
624 71 5886
625 26 3297
626 44 7492
627 67 7671
628 68 3277
629 41 7856
630 64 4894
631 23 1038
632 35 7611
633 72 669
634 94 7152
635 82 1747
636 77 7195
637 74 4110
638 67 5725
639 33 3704
640 26 1148
641 39 1727
642 77 2017
643 41 1627
644 74 4457
645 36 8671
646 62 5023
647 54 4546
648 35 82
649 45 8287
650 92 5336
651 81 3109
652 96 1681
653 72 2018
654 45 7202
655 20 1410
656 56 7211
657 31 771
658 70 556
659 61 8658
660 90 5564
661 57 1676
662 58 4037
663 80 2592
664 83 7293
665 91 1962
666 26 7009
667 20 6138
668 43 5662
669 47 4628
670 39 3196
671 44 8874
672 85 4442
673 38 3544
674 60 8964
675 53 764
676 75 4628
677 37 3717
678 94 932
679 84 577
680 77 1255
681 26 8085
682 35 9035
683 73 1077
684 56 5597
685 62 4624
686 54 5652
687 66 1226
688 67 4891
689 24 8401
690 78 3234
691 74 3784
692 71 3270
693 79 423
694 97 2250
695 32 8369
696 31 4015
697 53 9038
698 60 4544
699 64 3140
700 23 8396
701 75 4766
702 29 7445
703 94 5811
704 78 7923
705 69 2202
706 27 58
707 53 3610
708 83 2567
709 87 2720
710 53 5510
711 51 2255
712 69 119
713 73 980
714 48 3176
715 49 8369
716 54 8449
717 51 7585
718 48 754
719 98 1510
720 56 6018
721 22 3338
722 57 8659
723 79 2262
724 96 4759
725 84 119
726 96 2174
727 41 3089
728 64 1172
729 20 6328
730 92 4853
731 81 3569
732 60 6178
733 79 6036
734 45 3247
735 73 2736
736 89 7336
737 57 692
738 51 135
739 84 3165
740 87 1655
741 32 7582
742 69 5715
743 43 2546
744 54 2547
745 55 2298
746 80 2906
747 56 5094
748 53 978
749 74 5948
750 84 3806
751 39 2504
752 38 5040
753 79 3486
754 34 2415
755 51 5924
756 73 6233
757 83 2840
758 98 6200
759 72 4595
760 94 5448
761 52 4248
762 57 8529
763 44 4779
764 60 6341
765 26 5479
766 61 1264
767 47 2194
768 79 1265
769 24 1336
770 43 3160
771 56 4580
772 64 3348
773 32 5276
774 67 199
775 77 7740
776 68 3921
777 96 1094
778 92 6691
779 41 3435
780 90 2968
781 24 1391
782 86 1538
783 82 5554
784 82 3850
785 25 3539
786 77 5059
787 78 1279
788 33 8547
789 42 1896
790 57 2354
791 76 7379
792 93 5480
793 33 6985
794 44 2702
795 62 4688
796 94 1249
797 47 681
798 43 2811
799 72 2117
800 56 3301
801 93 5962
802 56 6981
803 75 1308
804 99 666
805 72 8370
806 70 8374
807 83 6993
808 31 4819
809 33 5405
810 20 369
811 32 4150
812 35 5476
813 78 1424
814 68 5879
815 25 5608
816 42 788
817 60 1789
818 86 5042
819 90 7495
820 64 5617
821 39 5012
822 64 1149
823 61 2755
824 37 4694
825 35 445
826 68 1138
827 79 2855
828 22 7969
829 45 5026
830 60 689
831 43 5173
832 78 1947
833 83 295
834 24 6136
835 91 325
836 59 5474
837 40 8717
838 39 2924
839 51 3553
840 46 2352
841 44 7227
842 40 3622
843 50 6486
844 33 3640
845 96 6192
846 94 5332
847 88 7630
848 44 1908
849 64 3706
850 22 1488
851 34 1747
852 22 6843
853 61 65
854 81 2243
855 72 1705
856 54 6181
857 64 5314
858 84 3883
859 39 8143
860 29 6456
861 84 6349
862 45 2410
863 25 4294
864 49 6971
865 66 1119
866 21 6246
867 26 7885
868 60 7712
869 63 6075
870 81 6007
871 97 6026
872 30 817
873 90 181
874 89 4785
875 61 5733
876 76 1285
877 42 8750
878 32 5102
879 23 9163
880 45 3331
881 91 5052
882 98 6128
883 54 135
884 61 2292
885 59 2026
886 23 2630
887 97 3804
888 97 7100
889 53 343
890 63 8869
891 98 8590
892 89 160
893 98 790
894 43 8381
895 49 512
896 79 2270
897 93 2157
898 64 7485
899 59 8029
900 36 3922
901 78 6683
902 56 7676
903 59 1735
904 99 5839
905 56 8994
906 50 4126
907 38 3888
908 84 3028
909 38 2716
910 59 1339
911 61 8117
912 83 3478
913 88 3983
914 62 7281
915 51 6996
916 56 2512
917 70 5306
918 54 5494
919 68 1465
920 34 8990
921 93 1738
922 32 7092
923 93 213
924 45 8645
925 45 2846
926 67 6220
927 65 5909
928 21 1281
929 20 945
930 42 681
931 77 5129
932 30 214
933 62 8505
934 22 2029
935 24 4707
936 56 2331
937 68 4000
938 99 5313
939 63 2637
940 22 1251
941 82 3588
942 61 648
943 81 7056
944 28 1412
945 88 2536
946 77 3359
947 45 3413
948 93 5496
949 55 3550
950 65 7708
951 64 7948
952 95 672
953 38 6064
954 28 6915
955 85 1780
956 94 3068
957 54 1613
958 57 8280
959 69 8868
960 45 6607
961 85 7526
962 47 1403
963 84 6032
964 92 2566
965 73 4195
966 25 5501
967 71 8036
968 90 8741
969 78 5273
970 79 345
971 90 3058
972 34 7252
973 21 5463
974 74 3793
975 37 1039
976 22 6241
977 93 7269
978 55 7936
979 70 861
980 80 5361
981 69 2970
982 86 2350
983 85 8124
984 98 5381
985 31 804
986 59 2337
987 50 3075
988 73 7591
989 73 8421
990 85 3069
991 46 1793
992 75 6111
993 26 8985
994 20 1935
995 60 237
996 58 5785
997 55 6499
998 61 4734
999 41 3521
1000 89 240
