NOP: 500
NINT: 32
0 94 7
94 164 8
164 248 9
248 350 10
350 434 11
434 533 12
533 609 13
609 690 14
690 758 15
758 851 16
851 907 17
907 982 18
982 1058 19
1058 1144 20
1144 1230 19
1230 1307 18
1307 1392 17
1392 1481 16
1481 1576 15
1576 1678 14
1678 1732 13
1732 1793 12
1793 1892 11
1892 1952 10
1952 2053 9
2053 2145 8
2145 2225 7
2225 2302 6
2302 2379 5
2379 2474 4
2474 2584 3
2584 300000 2
1 87 317
2 43 1247
3 88 108
4 89 135
5 73 685
6 41 1180
7 51 568
8 43 1543
9 89 339
10 52 69
11 32 1154
12 58 1794
13 95 944
14 91 160
15 87 642
16 42 1344
17 77 1316
18 76 1910
19 73 1758
20 32 2434
21 73 1351
22 38 1118
23 34 130
24 84 709
25 67 1260
26 67 404
27 70 325
28 53 203
29 74 541
30 75 2269
31 35 2127
32 34 687
33 79 186
34 22 294
35 34 390
36 88 1941
37 26 1505
38 33 2045
39 46 2099
40 49 962
41 72 1900
42 86 2070
43 25 945
44 77 969
45 98 444
46 51 1536
47 81 203
48 78 568
49 59 2239
50 81 1557
51 36 102
52 55 159
53 26 374
54 63 273
55 58 322
56 73 258
57 77 166
58 34 1815
59 44 1428
60 66 141
61 74 850
62 20 235
63 81 1369
64 72 686
65 79 1437
66 26 1658
67 93 266
68 73 2480
69 78 2319
70 80 1789
71 41 1572
72 86 133
73 53 94
74 48 1035
75 59 100
76 43 1765
77 69 1697
78 71 1931
79 20 2491
80 33 776
81 90 412
82 26 1314
83 61 217
84 53 1340
85 58 2262
86 48 110
87 25 669
88 64 1753
89 26 1448
90 24 81
91 88 1769
92 75 741
93 71 1953
94 38 2232
95 48 137
96 78 2057
97 27 1396
98 55 2261
99 29 514
100 22 929
101 89 699
102 50 2374
103 35 830
104 98 1253
105 31 370
106 24 2492
107 41 1386
108 48 1426
109 31 421
110 91 2330
111 89 609
112 71 548
113 48 728
114 79 706
115 89 962
116 38 760
117 99 970
118 48 2449
119 33 656
120 97 794
121 91 1516
122 86 907
123 21 1679
124 30 2156
125 24 2351
126 98 1548
127 44 754
128 77 2368
129 47 2408
130 87 1418
131 77 2403
132 27 2364
133 98 1689
134 82 685
135 22 2142
136 84 1165
137 54 2118
138 92 727
139 33 144
140 54 1807
141 71 1203
142 73 1370
143 52 1837
144 33 971
145 43 1963
146 69 2398
147 97 1794
148 36 1205
149 68 1530
150 94 1754
151 97 1694
152 49 955
153 89 1331
154 98 1368
155 70 1021
156 57 371
157 21 1414
158 92 2135
159 80 1744
160 52 675
161 32 111
162 30 1803
163 90 1435
164 75 951
165 44 2369
166 70 2159
167 43 516
168 45 1780
169 81 1620
170 97 1367
171 53 2172
172 98 1184
173 46 251
174 20 628
175 47 376
176 54 268
177 73 1573
178 21 1237
179 74 1872
180 96 2155
181 43 2490
182 70 1072
183 74 2272
184 44 2022
185 93 503
186 54 354
187 94 2139
188 32 1118
189 20 2147
190 84 1507
191 92 859
192 55 2286
193 91 1170
194 98 225
195 45 196
196 25 2230
197 99 1041
198 66 1518
199 32 70
200 86 223
201 90 1132
202 31 645
203 36 937
204 87 1474
205 61 1917
206 95 1920
207 88 501
208 63 387
209 95 316
210 21 526
211 71 2089
212 36 1838
213 62 1702
214 57 2148
215 45 2302
216 37 1418
217 50 286
218 30 76
219 89 2354
220 87 2262
221 22 1304
222 82 2082
223 20 2348
224 21 1424
225 28 829
226 37 1111
227 62 857
228 66 2045
229 67 2018
230 28 2211
231 74 277
232 29 1647
233 36 1796
234 77 1338
235 99 1487
236 77 2203
237 84 1603
238 32 372
239 69 285
240 42 63
241 40 713
242 96 519
243 91 708
244 44 122
245 28 1455
246 31 779
247 80 1524
248 86 681
249 56 134
250 35 264
251 60 2072
252 42 1019
253 68 769
254 28 1615
255 55 2044
256 84 668
257 55 1299
258 37 1698
259 64 1222
260 27 198
261 48 1803
262 54 2450
263 45 715
264 60 153
265 57 1543
266 74 1725
267 92 1101
268 35 1805
269 82 2074
270 83 668
271 87 1560
272 93 1045
273 63 720
274 78 1091
275 27 729
276 43 1316
277 80 1606
278 59 1757
279 50 914
280 53 2355
281 93 523
282 59 1575
283 41 537
284 22 1748
285 28 790
286 44 2051
287 40 880
288 39 1804
289 47 1334
290 27 2471
291 43 693
292 89 2171
293 47 2063
294 60 273
295 92 2270
296 86 2188
297 86 1112
298 30 877
299 71 873
300 87 2319
301 76 1795
302 54 2077
303 50 2200
304 84 1299
305 44 1413
306 55 824
307 58 2251
308 76 764
309 87 1567
310 64 1772
311 71 1707
312 48 478
313 93 547
314 24 1115
315 46 1168
316 39 1016
317 46 1024
318 79 966
319 89 1981
320 31 104
321 66 1047
322 98 1109
323 72 865
324 98 2073
325 29 619
326 75 547
327 59 262
328 69 1295
329 84 842
330 44 1180
331 35 1522
332 74 725
333 76 2180
334 67 1990
335 75 470
336 20 2357
337 60 164
338 86 989
339 21 2204
340 76 2124
341 64 77
342 83 1473
343 63 1700
344 68 265
345 70 224
346 92 1925
347 48 1560
348 29 110
349 34 763
350 86 336
351 47 641
352 21 686
353 42 2077
354 59 822
355 77 1145
356 59 241
357 31 2438
358 31 967
359 82 1788
360 95 1823
361 88 2451
362 32 1055
363 70 547
364 99 1624
365 61 2268
366 77 1410
367 59 1900
368 47 272
369 76 1719
370 32 1608
371 67 839
372 22 1410
373 72 282
374 20 2035
375 73 2358
376 29 2421
377 63 1114
378 80 967
379 61 1100
380 69 2191
381 62 553
382 23 2320
383 67 2341
384 44 578
385 33 493
386 84 1295
387 83 763
388 98 874
389 62 1111
390 37 2203
391 95 1355
392 66 496
393 68 580
394 36 1870
395 54 1760
396 69 149
397 47 227
398 80 1412
399 51 760
400 85 834
401 83 1805
402 26 1688
403 74 1598
404 93 2172
405 63 2022
406 57 2084
407 63 710
408 50 574
409 93 144
410 74 1206
411 63 525
412 47 2307
413 29 1566
414 73 1617
415 33 106
416 72 518
417 93 1803
418 24 1543
419 26 2339
420 56 2292
421 43 2325
422 51 194
423 65 2358
424 54 2375
425 42 2221
426 40 1016
427 62 1561
428 20 2064
429 47 342
430 70 2014
431 79 500
432 43 960
433 24 901
434 43 1481
435 50 954
436 49 1150
437 28 2243
438 41 1723
439 34 1970
440 67 703
441 61 1600
442 45 653
443 46 905
444 50 1797
445 21 1155
446 58 578
447 66 851
448 83 1514
449 82 1243
450 59 1837
451 49 1192
452 43 680
453 85 2450
454 42 1995
455 29 1863
456 49 2384
457 21 2031
458 99 786
459 48 2399
460 70 1202
461 82 1690
462 38 466
463 28 2368
464 66 1962
465 88 627
466 90 982
467 80 2492
468 70 1966
469 75 1915
470 78 516
471 80 1613
472 86 2289
473 67 1749
474 65 699
475 48 1323
476 61 277
477 97 104
478 80 1332
479 25 1303
480 64 1283
481 37 1125
482 51 707
483 82 717
484 85 1092
485 94 1191
486 35 2427
487 46 1177
488 42 1299
489 41 1246
490 89 1560
491 68 503
492 94 1394
493 38 1034
494 51 747
495 85 1613
496 30 2418
497 51 1336
498 39 552
499 52 1024
500 44 2160
