NOP: 500
NINT: 38
0 33 21
33 78 22
78 124 23
124 175 24
175 214 25
214 253 26
253 304 27
304 333 28
333 375 29
375 406 30
406 451 29
451 496 28
496 519 27
519 566 26
566 614 25
614 666 24
666 701 23
701 747 22
747 781 21
781 824 20
824 852 19
852 904 18
904 949 17
949 979 16
979 1028 15
1028 1068 14
1068 1111 13
1111 1145 12
1145 1188 11
1188 1241 10
1241 1278 9
1278 1330 8
1330 1379 7
1379 1417 6
1417 1468 5
1468 1502 4
1502 1524 3
1524 300000 2
1 35 1481
2 34 599
3 76 1533
4 36 1150
5 29 832
6 87 168
7 23 1047
8 95 256
9 78 1510
10 46 1454
11 33 1552
12 76 1097
13 62 1317
14 24 980
15 93 451
16 39 1381
17 92 1399
18 56 334
19 45 1488
20 50 400
21 50 107
22 62 1430
23 74 228
24 71 921
25 61 1502
26 37 171
27 46 1037
28 48 1249
29 98 326
30 32 299
31 93 497
32 20 1512
33 63 813
34 67 1335
35 32 622
36 83 1336
37 24 866
38 77 412
39 51 1531
40 50 1039
41 64 1008
42 20 1248
43 66 1499
44 40 228
45 87 650
46 55 135
47 33 123
48 81 588
49 24 1225
50 91 752
51 93 212
52 22 688
53 50 195
54 64 212
55 32 679
56 68 73
57 24 943
58 74 1319
59 40 1033
60 53 1446
61 77 559
62 31 1173
63 66 1306
64 30 438
65 47 134
66 75 189
67 73 638
68 51 1378
69 46 1457
70 67 956
71 61 482
72 50 190
73 87 1141
74 50 1382
75 85 563
76 29 727
77 81 502
78 28 417
79 86 1447
80 87 876
81 94 1323
82 45 1427
83 45 102
84 73 1191
85 89 151
86 84 121
87 58 677
88 63 1377
89 75 265
90 41 1444
91 79 484
92 76 1125
93 26 96
94 31 1526
95 67 842
96 24 735
97 98 370
98 40 582
99 72 262
100 22 322
101 63 993
102 79 607
103 57 428
104 22 1569
105 51 391
106 65 1531
107 75 826
108 50 426
109 93 1221
110 46 686
111 46 754
112 37 249
113 31 545
114 66 1477
115 45 393
116 57 528
117 60 582
118 98 1492
119 34 685
120 22 1243
121 45 1174
122 76 462
123 27 701
124 87 336
125 96 297
126 57 1366
127 39 474
128 84 1584
129 79 1349
130 61 1123
131 70 119
132 41 1210
133 72 459
134 57 461
135 57 308
136 28 967
137 49 479
138 77 445
139 46 201
140 38 216
141 65 173
142 82 1398
143 72 1112
144 25 753
145 25 183
146 80 515
147 59 335
148 22 845
149 81 131
150 42 143
151 27 1524
152 67 986
153 34 1037
154 34 791
155 63 1162
156 33 536
157 50 671
158 78 951
159 39 421
160 62 1564
161 76 720
162 93 178
163 31 325
164 30 735
165 80 226
166 22 1284
167 37 196
168 30 475
169 68 728
170 66 186
171 85 326
172 55 294
173 60 1528
174 91 328
175 65 521
176 27 488
177 49 665
178 23 1372
179 79 450
180 51 894
181 40 1463
182 75 517
183 87 503
184 31 1334
185 75 870
186 29 1258
187 21 148
188 28 289
189 60 746
190 54 115
191 28 1146
192 57 249
193 88 844
194 71 804
195 34 1520
196 24 653
197 96 357
198 25 743
199 50 862
200 88 1541
201 93 468
202 40 1357
203 54 1092
204 50 597
205 83 1267
206 85 112
207 55 1548
208 82 798
209 63 418
210 84 868
211 24 1272
212 33 1167
213 47 1586
214 67 1401
215 52 1235
216 79 1326
217 72 999
218 37 269
219 68 886
220 74 1307
221 73 609
222 43 1141
223 85 583
224 46 945
225 34 1358
226 81 325
227 76 480
228 36 939
229 85 1558
230 60 550
231 86 425
232 64 1334
233 68 1348
234 71 213
235 54 1530
236 67 952
237 60 627
238 97 1537
239 65 1553
240 65 896
241 76 1052
242 72 403
243 97 505
244 86 203
245 72 313
246 74 706
247 80 401
248 92 1456
249 34 978
250 30 1085
251 32 991
252 32 1580
253 70 1046
254 88 304
255 65 1536
256 65 1400
257 36 108
258 60 1118
259 26 1538
260 92 625
261 21 72
262 54 654
263 34 319
264 37 630
265 48 1285
266 97 1276
267 20 911
268 83 1307
269 75 581
270 37 1556
271 29 394
272 86 137
273 75 1034
274 50 287
275 61 540
276 45 262
277 73 1266
278 78 402
279 40 341
280 81 535
281 82 1079
282 44 459
283 96 689
284 53 76
285 37 1480
286 91 286
287 86 1520
288 36 1287
289 24 85
290 90 223
291 38 143
292 32 159
293 54 1231
294 43 834
295 55 822
296 53 644
297 75 807
298 56 520
299 31 724
300 47 860
301 99 1247
302 41 351
303 37 838
304 50 707
305 93 231
306 28 1352
307 61 1081
308 91 500
309 76 778
310 58 986
311 31 1494
312 48 56
313 86 1289
314 20 394
315 82 1020
316 48 442
317 47 795
318 71 354
319 37 1283
320 52 1498
321 69 1519
322 63 391
323 72 1276
324 35 510
325 89 965
326 30 1567
327 99 1099
328 24 894
329 44 315
330 57 1031
331 32 1422
332 63 1023
333 59 484
334 65 99
335 69 1329
336 98 1318
337 90 842
338 86 1401
339 25 1498
340 71 874
341 47 70
342 88 504
343 90 867
344 59 1239
345 94 472
346 39 861
347 26 496
348 35 1233
349 26 235
350 97 182
351 50 53
352 37 60
353 83 1403
354 87 1019
355 22 277
356 69 474
357 91 1205
358 55 1054
359 86 1252
360 94 1257
361 30 129
362 68 856
363 73 570
364 87 113
365 80 1560
366 52 791
367 24 409
368 91 359
369 88 770
370 90 177
371 56 1012
372 41 77
373 71 679
374 55 1276
375 89 1519
376 60 1535
377 97 895
378 34 886
379 45 82
380 64 883
381 75 636
382 39 1159
383 53 1228
384 30 1136
385 70 1204
386 52 837
387 41 848
388 72 1482
389 64 1452
390 36 1317
391 36 457
392 70 1533
393 54 1297
394 30 326
395 33 934
396 82 101
397 40 732
398 99 1585
399 63 1056
400 30 1204
401 88 183
402 82 794
403 39 710
404 44 973
405 42 593
406 51 1516
407 33 1358
408 39 1317
409 48 1277
410 80 463
411 99 1416
412 95 725
413 55 596
414 79 539
415 20 608
416 27 924
417 64 603
418 49 462
419 73 200
420 23 1589
421 88 335
422 81 395
423 92 239
424 49 682
425 65 1180
426 44 901
427 61 1150
428 99 644
429 72 766
430 50 470
431 24 1452
432 38 1414
433 96 856
434 25 1229
435 72 1158
436 86 1595
437 92 143
438 69 1331
439 83 218
440 86 1584
441 62 933
442 99 1543
443 28 610
444 65 459
445 91 1328
446 77 1032
447 90 1339
448 57 395
449 82 304
450 53 903
451 73 1311
452 77 589
453 46 69
454 99 162
455 42 559
456 32 1474
457 55 72
458 88 1383
459 99 551
460 25 1394
461 90 1444
462 56 880
463 46 569
464 55 969
465 60 523
466 27 447
467 93 859
468 81 1067
469 91 1437
470 21 861
471 54 1150
472 66 1157
473 44 534
474 85 1566
475 53 1202
476 62 238
477 75 94
478 32 209
479 50 233
480 98 602
481 95 322
482 24 1429
483 49 727
484 68 200
485 33 432
486 49 366
487 29 175
488 26 1372
489 75 1089
490 33 1455
491 54 132
492 49 1156
493 64 1443
494 45 531
495 58 1003
496 55 462
497 78 1081
498 48 441
499 66 1404
500 98 127
