NOP: 500
NINT: 47
0 36 12
36 75 13
75 102 14
102 136 15
136 165 16
165 206 17
206 248 18
248 285 19
285 323 20
323 358 21
358 395 22
395 434 23
434 474 24
474 501 25
501 546 26
546 579 27
579 619 28
619 645 29
645 666 30
666 706 29
706 752 28
752 802 27
802 849 26
849 885 25
885 914 24
914 944 23
944 987 22
987 1022 21
1022 1055 20
1055 1085 19
1085 1135 18
1135 1181 17
1181 1210 16
1210 1242 15
1242 1273 14
1273 1318 13
1318 1355 12
1355 1393 11
1393 1430 10
1430 1450 9
1450 1472 8
1472 1497 7
1497 1522 6
1522 1561 5
1561 1602 4
1602 1640 3
1640 300000 2
1 32 649
2 56 179
3 76 821
4 32 1605
5 61 486
6 25 1092
7 60 241
8 52 820
9 69 582
10 96 548
11 37 929
12 76 1433
13 77 400
14 21 326
15 71 1236
16 63 431
17 69 576
18 63 1125
19 89 916
20 54 169
21 47 283
22 20 1342
23 27 1641
24 87 1497
25 32 785
26 20 744
27 25 727
28 82 1076
29 97 374
30 89 1269
31 73 828
32 90 514
33 67 1413
34 38 1282
35 59 1691
36 87 797
37 86 678
38 58 840
39 48 1061
40 68 870
41 78 615
42 23 543
43 75 780
44 37 1439
45 52 1556
46 59 1431
47 30 501
48 29 703
49 33 1085
50 46 1654
51 36 307
52 67 664
53 65 652
54 41 1648
55 93 1518
56 68 1379
57 30 67
58 79 318
59 86 711
60 45 571
61 78 309
62 78 666
63 78 1371
64 37 856
65 57 1237
66 54 523
67 51 284
68 94 1101
69 79 848
70 62 733
71 57 499
72 87 1206
73 60 1308
74 34 635
75 58 1289
76 38 1083
77 75 1066
78 49 338
79 91 617
80 26 787
81 81 1596
82 24 475
83 60 1293
84 58 1544
85 50 468
86 48 708
87 73 923
88 72 1632
89 71 779
90 98 333
91 54 292
92 58 707
93 99 99
94 47 851
95 60 996
96 37 899
97 28 1575
98 63 318
99 38 1686
100 47 886
101 68 878
102 73 1290
103 42 1104
104 37 1047
105 64 581
106 35 1089
107 25 1045
108 98 691
109 53 1595
110 23 1583
111 58 77
112 95 1171
113 42 996
114 34 1112
115 35 94
116 70 379
117 20 642
118 73 1456
119 45 211
120 92 989
121 27 1585
122 77 1669
123 67 864
124 60 665
125 38 1479
126 20 1004
127 93 1090
128 70 1689
129 64 851
130 46 451
131 53 1235
132 49 199
133 91 187
134 25 1410
135 27 1653
136 85 208
137 90 208
138 46 929
139 32 1670
140 24 577
141 82 979
142 43 319
143 66 528
144 88 827
145 65 152
146 31 484
147 85 345
148 56 1224
149 83 1645
150 56 963
151 39 1072
152 45 1631
153 91 1381
154 98 201
155 82 1472
156 49 1034
157 54 358
158 31 1559
159 96 1634
160 90 1190
161 25 1445
162 48 361
163 90 504
164 25 1017
165 38 718
166 22 951
167 65 192
168 95 374
169 97 126
170 25 1397
171 68 1044
172 99 943
173 34 139
174 87 180
175 70 1543
176 53 1324
177 28 1466
178 82 1024
179 89 354
180 85 668
181 85 676
182 44 244
183 72 612
184 82 376
185 81 1354
186 61 1617
187 52 1036
188 98 192
189 64 847
190 91 316
191 59 134
192 25 452
193 92 1390
194 51 1437
195 96 770
196 95 114
197 40 1053
198 79 1468
199 55 1690
200 76 1664
201 98 1220
202 64 501
203 71 1209
204 76 435
205 68 521
206 96 934
207 40 139
208 79 1336
209 50 593
210 94 153
211 92 1663
212 35 397
213 37 1243
214 30 1143
215 46 362
216 94 489
217 66 1646
218 78 420
219 88 708
220 77 135
221 92 932
222 97 352
223 25 785
224 72 391
225 78 1220
226 67 231
227 48 530
228 48 144
229 44 143
230 69 1508
231 90 1380
232 92 422
233 56 96
234 31 428
235 40 1535
236 54 367
237 26 421
238 65 1004
239 26 290
240 32 417
241 94 388
242 87 753
243 35 1361
244 87 342
245 55 1661
246 32 1341
247 61 937
248 61 1309
249 49 706
250 91 1571
251 54 1484
252 98 443
253 55 735
254 70 819
255 75 572
256 84 1595
257 77 1378
258 95 1680
259 72 83
260 33 881
261 93 404
262 33 1055
263 51 365
264 79 338
265 83 834
266 94 1515
267 26 412
268 59 1109
269 57 370
270 59 710
271 49 1437
272 44 153
273 22 75
274 98 859
275 64 1408
276 85 557
277 37 733
278 68 81
279 31 454
280 40 243
281 29 580
282 68 190
283 44 816
284 43 140
285 85 1298
286 54 1167
287 36 1335
288 63 1080
289 38 1324
290 39 1303
291 39 1662
292 69 366
293 69 424
294 29 716
295 58 715
296 85 1570
297 95 599
298 96 1086
299 41 196
300 71 197
301 79 1205
302 92 173
303 20 698
304 62 1435
305 80 1048
306 56 825
307 28 445
308 43 1417
309 21 142
310 27 1478
311 69 666
312 88 1145
313 87 1671
314 94 1541
315 65 884
316 73 806
317 59 478
318 74 1282
319 62 1461
320 74 1414
321 34 868
322 44 408
323 28 708
324 27 854
325 90 203
326 93 362
327 38 690
328 49 410
329 54 740
330 46 941
331 63 746
332 65 1674
333 77 821
334 24 1302
335 28 421
336 84 1040
337 69 837
338 60 1010
339 77 1639
340 44 49
341 88 754
342 71 1411
343 54 1502
344 92 1276
345 61 1668
346 79 1549
347 51 1266
348 23 1076
349 86 1108
350 70 1609
351 89 303
352 72 660
353 31 361
354 61 200
355 99 483
356 78 1434
357 30 745
358 36 986
359 43 807
360 79 1064
361 88 1650
362 92 526
363 95 297
364 56 488
365 59 1545
366 37 247
367 84 1236
368 43 951
369 55 1623
370 70 1642
371 95 796
372 69 1429
373 32 888
374 92 774
375 56 542
376 87 702
377 97 1490
378 37 603
379 29 1329
380 66 637
381 46 929
382 77 599
383 72 207
384 34 715
385 37 1500
386 29 816
387 40 577
388 97 1363
389 29 316
390 83 696
391 72 1680
392 44 162
393 45 816
394 64 438
395 92 364
396 32 293
397 28 1065
398 38 791
399 58 146
400 91 1413
401 89 1093
402 73 1064
403 75 152
404 31 452
405 48 111
406 98 1212
407 61 185
408 94 1055
409 92 499
410 29 977
411 91 477
412 98 1498
413 71 483
414 40 715
415 89 1606
416 81 1255
417 80 173
418 22 1608
419 68 615
420 54 1171
421 62 1172
422 65 1609
423 39 1321
424 85 873
425 22 828
426 78 966
427 98 949
428 54 762
429 77 102
430 82 939
431 52 142
432 71 1036
433 98 662
434 37 1119
435 55 344
436 65 911
437 66 553
438 91 1089
439 33 529
440 29 1584
441 41 1024
442 80 1145
443 82 596
444 67 223
445 45 1366
446 89 842
447 38 145
448 38 1265
449 25 1618
450 67 302
451 20 1053
452 91 1386
453 58 1238
454 36 1492
455 53 1619
456 79 483
457 55 683
458 89 849
459 46 481
460 23 1229
461 79 1088
462 93 437
463 46 637
464 87 699
465 51 851
466 56 218
467 76 853
468 67 116
469 89 1661
470 28 1619
471 25 825
472 33 58
473 52 113
474 96 793
475 52 736
476 97 303
477 20 1021
478 27 457
479 81 1434
480 22 1217
481 93 1075
482 56 539
483 24 488
484 95 1678
485 92 636
486 92 278
487 60 149
488 55 1104
489 34 1620
490 71 1410
491 33 980
492 50 1174
493 21 703
494 22 731
495 36 1154
496 64 1313
497 49 1544
498 21 611
499 39 1070
500 39 1256
