NOP: 750
NINT: 14
0 464 5
464 933 6
933 1366 7
1366 1954 8
1954 2451 9
2451 3030 10
3030 3458 9
3458 4050 8
4050 4401 7
4401 4843 6
4843 5385 5
5385 5973 4
5973 6329 3
6329 300000 2
1 59 3588
2 56 4250
3 46 5072
4 65 2085
5 98 5115
6 25 2514
7 55 710
8 22 4468
9 41 2885
10 95 304
11 28 4206
12 60 3626
13 52 2337
14 64 6777
15 40 5398
16 62 3351
17 66 5014
18 23 5677
19 48 6255
20 59 3002
21 44 6339
22 78 954
23 57 3732
24 53 3926
25 53 1619
26 44 4265
27 32 2521
28 29 6802
29 40 1300
30 84 3996
31 23 1264
32 67 1768
33 50 2410
34 84 3634
35 38 4154
36 80 5959
37 94 197
38 56 4773
39 36 691
40 29 206
41 40 4872
42 58 4945
43 82 2208
44 67 2502
45 48 2478
46 65 6781
47 69 500
48 46 4822
49 92 6502
50 57 1692
51 51 4618
52 70 2926
53 58 4873
54 88 3682
55 75 607
56 58 4516
57 55 3037
58 92 131
59 32 2338
60 59 3320
61 70 6193
62 76 787
63 73 3343
64 52 6030
65 64 5295
66 55 5957
67 67 3092
68 66 1523
69 74 5280
70 43 5419
71 23 6256
72 54 4269
73 77 2117
74 69 5161
75 90 5422
76 74 6360
77 84 724
78 95 5539
79 27 6085
80 21 3170
81 72 1834
82 81 5264
83 56 2926
84 57 5933
85 43 5037
86 23 6836
87 29 3249
88 47 1000
89 81 5887
90 54 4172
91 93 2313
92 22 6724
93 75 2246
94 91 267
95 21 6562
96 52 5783
97 20 4263
98 72 6291
99 91 1481
100 56 2605
101 59 1000
102 47 1056
103 86 1940
104 42 6202
105 76 6209
106 29 2899
107 89 897
108 40 4302
109 48 4400
110 91 1135
111 43 4767
112 21 6078
113 74 4456
114 75 6079
115 51 4455
116 87 6680
117 86 3421
118 62 1098
119 56 5634
120 34 5888
121 67 1684
122 34 194
123 34 963
124 94 6584
125 94 498
126 24 4602
127 79 5742
128 97 5741
129 75 5458
130 54 5367
131 31 2947
132 56 3230
133 91 6405
134 99 4963
135 55 5758
136 87 4130
137 20 4152
138 69 1795
139 35 2170
140 41 6006
141 41 441
142 85 4356
143 21 2458
144 28 2005
145 33 6844
146 30 6597
147 27 3504
148 50 6003
149 50 5301
150 94 4834
151 96 1529
152 47 5312
153 52 3253
154 82 2114
155 86 2234
156 82 6503
157 51 213
158 96 3947
159 79 906
160 32 2608
161 64 3526
162 54 4278
163 41 4696
164 41 4490
165 78 1626
166 88 6013
167 21 3832
168 33 1724
169 57 6399
170 64 237
171 43 1031
172 59 562
173 58 1544
174 51 4715
175 43 4279
176 35 1572
177 46 1783
178 21 6223
179 59 5267
180 99 589
181 67 885
182 75 3318
183 49 3971
184 35 5322
185 65 3663
186 72 5493
187 85 2402
188 31 401
189 68 2950
190 88 5638
191 44 5904
192 23 4707
193 30 3593
194 84 597
195 84 5937
196 84 3212
197 75 733
198 46 1921
199 20 2507
200 75 6283
201 75 1855
202 27 3316
203 86 4308
204 46 843
205 98 1151
206 66 4744
207 38 2613
208 28 5345
209 41 3407
210 77 1740
211 56 4230
212 47 896
213 61 4276
214 75 4371
215 42 783
216 63 4602
217 81 732
218 21 2891
219 52 1720
220 40 4493
221 87 5942
222 39 3051
223 38 286
224 80 2312
225 73 1116
226 91 3388
227 37 113
228 69 4647
229 84 4574
230 77 1149
231 24 2716
232 91 1655
233 97 1240
234 94 1120
235 46 6017
236 65 5989
237 63 2731
238 70 5461
239 33 741
240 35 1071
241 66 1723
242 81 6386
243 58 2559
244 82 6582
245 43 3467
246 59 2058
247 37 2064
248 83 3653
249 97 132
250 21 5108
251 57 364
252 96 2764
253 96 3665
254 70 3422
255 23 6298
256 71 4161
257 31 845
258 40 5066
259 35 3900
260 51 2871
261 46 2532
262 39 6249
263 20 4853
264 64 4144
265 30 6708
266 21 2150
267 24 2801
268 42 6409
269 78 5456
270 94 1354
271 87 1470
272 22 2814
273 43 1878
274 56 438
275 53 1539
276 27 6840
277 71 547
278 61 5858
279 36 4959
280 55 1017
281 74 6335
282 64 1186
283 32 4658
284 78 2040
285 75 2655
286 57 4997
287 95 5719
288 39 3487
289 76 4839
290 95 4944
291 48 3602
292 94 3033
293 83 4884
294 24 6441
295 55 3907
296 79 2676
297 73 3085
298 54 1246
299 53 4276
300 30 4585
301 74 2434
302 60 724
303 47 984
304 32 4366
305 94 3123
306 75 2437
307 62 3753
308 90 6356
309 34 1247
310 86 3088
311 22 2531
312 36 2552
313 35 3546
314 51 225
315 30 3189
316 37 3567
317 95 2692
318 36 6210
319 56 4753
320 22 3511
321 37 538
322 70 5519
323 50 585
324 54 797
325 66 533
326 48 3995
327 54 1046
328 78 1628
329 73 1466
330 77 1241
331 57 3148
332 87 4691
333 99 2270
334 81 239
335 70 6160
336 44 6661
337 35 5522
338 70 4036
339 78 298
340 79 579
341 55 1861
342 24 5802
343 34 694
344 63 1766
345 95 3745
346 77 6631
347 30 6468
348 96 1707
349 80 5323
350 60 3015
351 43 5559
352 79 6382
353 42 729
354 38 112
355 74 6539
356 56 2370
357 91 4413
358 25 2317
359 23 2710
360 31 2053
361 31 5808
362 48 1075
363 26 263
364 78 125
365 26 4130
366 53 1838
367 33 6513
368 66 3624
369 35 564
370 85 6294
371 76 473
372 86 4098
373 68 3047
374 65 1966
375 33 6821
376 50 766
377 69 5201
378 93 3668
379 48 1951
380 83 6614
381 68 4705
382 92 5704
383 82 4097
384 52 3163
385 48 4042
386 96 746
387 50 837
388 72 5480
389 74 2476
390 66 6045
391 47 6194
392 47 2201
393 32 5786
394 61 3684
395 91 1697
396 88 5698
397 99 190
398 49 3265
399 72 4244
400 54 4288
401 85 1987
402 71 225
403 51 123
404 89 744
405 23 6238
406 59 4197
407 70 1428
408 28 3225
409 83 3412
410 23 3577
411 48 519
412 75 2064
413 30 445
414 20 1642
415 88 1525
416 25 5173
417 22 4685
418 22 4437
419 84 737
420 27 1389
421 46 6654
422 74 543
423 47 2124
424 23 3378
425 92 6293
426 91 6530
427 66 314
428 85 1571
429 97 5345
430 29 3028
431 64 6273
432 86 233
433 53 1214
434 44 1294
435 93 6076
436 54 583
437 87 1560
438 52 4511
439 97 1474
440 60 973
441 93 2873
442 21 6114
443 32 3840
444 87 1906
445 31 958
446 56 4823
447 21 6309
448 29 1271
449 77 2291
450 55 2415
451 24 3264
452 59 4633
453 72 4792
454 20 703
455 68 317
456 66 3068
457 20 4600
458 78 2473
459 55 6750
460 29 3002
461 98 1431
462 60 4714
463 29 108
464 96 967
465 20 5339
466 82 2918
467 61 3597
468 36 1878
469 98 4526
470 87 2344
471 76 4429
472 83 4228
473 30 5539
474 40 1983
475 56 3179
476 27 4561
477 50 4040
478 80 5422
479 69 2879
480 50 4921
481 56 4234
482 46 3146
483 46 6514
484 73 3169
485 97 6725
486 28 4419
487 35 541
488 62 4682
489 45 1001
490 33 285
491 31 312
492 52 1998
493 66 2512
494 30 6236
495 49 6488
496 85 2680
497 52 3622
498 81 4760
499 41 2028
500 99 1592
501 34 83
502 81 4652
503 87 4195
504 90 1184
505 86 5826
506 89 891
507 52 678
508 62 5611
509 20 6717
510 88 5518
511 60 3046
512 95 5333
513 59 6528
514 48 4335
515 34 5909
516 34 1269
517 80 3288
518 69 6460
519 55 3149
520 99 1365
521 82 635
522 64 692
523 76 6031
524 60 845
525 30 6010
526 29 4596
527 68 2276
528 58 4382
529 20 6479
530 33 5337
531 22 2738
532 33 2647
533 88 2010
534 95 6141
535 26 6516
536 93 2168
537 51 6459
538 75 5066
539 65 2533
540 66 4669
541 66 6180
542 29 4757
543 86 3958
544 68 6625
545 45 6612
546 57 5239
547 97 6774
548 26 6102
549 51 4557
550 63 3969
551 30 6625
552 99 4368
553 31 3389
554 40 1942
555 66 5178
556 39 1377
557 85 743
558 29 2932
559 35 1968
560 34 87
561 21 4119
562 23 3038
563 59 537
564 64 4809
565 64 2407
566 50 6189
567 33 3153
568 43 572
569 86 3292
570 95 3297
571 97 3403
572 87 2023
573 20 1462
574 96 2813
575 54 2142
576 90 210
577 50 713
578 66 4516
579 85 2271
580 93 2425
581 28 2674
582 96 3058
583 38 188
584 42 6020
585 57 1411
586 41 3506
587 65 3955
588 94 4623
589 23 6040
590 54 5324
591 72 5027
592 34 1519
593 83 5640
594 91 899
595 51 1653
596 30 4099
597 51 3093
598 80 2907
599 68 4562
600 72 3257
601 43 6070
602 64 5820
603 59 343
604 94 3423
605 50 858
606 24 707
607 20 3395
608 22 56
609 35 2921
610 51 5502
611 39 3564
612 35 5826
613 61 1257
614 30 4921
615 39 1988
616 26 5374
617 28 5099
618 21 390
619 29 4732
620 88 1770
621 84 181
622 77 4470
623 62 2244
624 64 2319
625 92 1142
626 71 1272
627 69 3733
628 27 394
629 85 4856
630 77 2525
631 24 2088
632 64 460
633 97 189
634 29 4378
635 56 3399
636 31 3292
637 28 5780
638 52 325
639 37 4765
640 90 129
641 57 6367
642 20 5907
643 67 3467
644 84 3537
645 98 2154
646 26 2080
647 69 6322
648 32 5291
649 70 5235
650 29 1728
651 70 2799
652 21 1762
653 86 3441
654 52 4485
655 44 4568
656 75 3179
657 57 5279
658 31 2532
659 59 288
660 82 5659
661 84 4309
662 44 4808
663 58 3938
664 80 3225
665 67 3998
666 45 4160
667 21 5320
668 70 6020
669 89 2925
670 97 3476
671 23 3355
672 24 5565
673 54 1763
674 53 5576
675 98 6030
676 30 4846
677 31 5293
678 46 1454
679 51 4076
680 54 6223
681 28 3127
682 77 1621
683 71 4601
684 41 6022
685 32 4560
686 48 6045
687 62 608
688 49 4394
689 54 6474
690 85 1494
691 67 3231
692 45 4516
693 76 4479
694 82 6498
695 67 4043
696 77 1298
697 73 6642
698 23 4834
699 70 2538
700 33 2420
701 59 5277
702 46 5315
703 88 3445
704 37 1601
705 75 6129
706 64 4175
707 95 3313
708 97 3789
709 68 3307
710 74 1171
711 58 3691
712 41 5036
713 37 5747
714 93 2257
715 38 869
716 33 137
717 51 5224
718 49 2135
719 35 1481
720 88 2941
721 97 5237
722 43 6156
723 42 6219
724 83 5412
725 22 3270
726 59 1456
727 90 4148
728 28 2389
729 36 933
730 76 4624
731 36 852
732 73 3719
733 32 410
734 84 5111
735 55 1441
736 99 3350
737 99 5392
738 28 3706
739 90 6406
740 71 2475
741 43 2957
742 51 3763
743 76 3535
744 97 2965
745 43 1510
746 76 6257
747 74 3506
748 29 4763
749 26 2194
750 63 2409
