NOP: 750
NINT: 20
0 206 19
206 391 20
391 624 19
624 864 18
864 1032 17
1032 1199 16
1199 1412 15
1412 1601 14
1601 1728 13
1728 1882 12
1882 2051 11
2051 2246 10
2246 2412 9
2412 2578 8
2578 2783 7
2783 2936 6
2936 3125 5
3125 3293 4
3293 3440 3
3440 300000 2
1 46 1523
2 90 821
3 47 503
4 81 1680
5 36 1373
6 50 1932
7 70 3216
8 40 1225
9 53 2637
10 45 1776
11 89 823
12 21 3230
13 47 2652
14 38 907
15 75 3005
16 52 222
17 78 1637
18 36 391
19 97 272
20 52 3018
21 63 2124
22 79 3476
23 76 3100
24 61 1565
25 29 2825
26 81 2125
27 56 161
28 66 570
29 49 2700
30 82 2777
31 25 1402
32 91 2347
33 31 2960
34 80 901
35 42 2433
36 81 2954
37 30 1199
38 46 144
39 43 2559
40 60 339
41 96 2945
42 27 1569
43 26 1248
44 96 545
45 42 1545
46 92 812
47 43 2372
48 94 2706
49 52 1119
50 99 1786
51 68 1330
52 45 3423
53 40 2843
54 44 1632
55 46 3518
56 32 1734
57 22 2997
58 70 3644
59 89 2467
60 55 2509
61 76 636
62 56 3072
63 66 1757
64 91 3552
65 37 3744
66 68 2854
67 38 3775
68 26 2170
69 83 537
70 65 1947
71 43 1637
72 85 339
73 55 2934
74 47 589
75 50 3437
76 44 2821
77 30 2250
78 54 3173
79 96 447
80 29 1406
81 63 1082
82 56 580
83 34 903
84 81 3793
85 58 981
86 81 1349
87 83 798
88 48 2131
89 25 2774
90 59 2687
91 72 2493
92 43 1199
93 71 2818
94 33 1675
95 24 1470
96 73 2840
97 40 973
98 41 446
99 24 749
100 92 3083
101 28 2898
102 39 1249
103 90 3263
104 68 2803
105 61 1982
106 66 739
107 63 1606
108 53 1630
109 29 1213
110 63 3316
111 87 2745
112 30 119
113 21 2850
114 22 2127
115 89 1198
116 52 69
117 68 2164
118 87 874
119 78 2723
120 99 1410
121 87 1404
122 96 644
123 60 3462
124 73 1505
125 83 3288
126 64 1825
127 26 2158
128 54 1562
129 27 2589
130 62 1237
131 36 2748
132 49 2259
133 69 3673
134 54 157
135 55 1356
136 68 1267
137 64 687
138 87 2264
139 25 543
140 51 3473
141 78 479
142 43 1566
143 98 2868
144 93 686
145 21 809
146 72 3626
147 35 803
148 22 1054
149 54 3674
150 20 1800
151 99 493
152 98 1882
153 23 3070
154 30 1102
155 96 350
156 96 3328
157 40 1995
158 52 2078
159 85 350
160 29 1937
161 36 1683
162 63 1200
163 29 3404
164 39 1323
165 64 1939
166 35 2834
167 22 1530
168 41 2040
169 50 3396
170 38 1565
171 95 3613
172 37 455
173 87 113
174 58 3246
175 38 2660
176 91 1405
177 54 865
178 33 3737
179 56 2603
180 44 1923
181 44 2590
182 86 3326
183 43 1453
184 36 2669
185 87 3632
186 54 3564
187 42 1420
188 72 155
189 69 2991
190 60 734
191 82 1088
192 47 3663
193 52 2290
194 84 1730
195 40 3762
196 73 2966
197 71 1777
198 37 2819
199 72 2643
200 46 2349
201 90 789
202 63 2968
203 39 3445
204 22 3512
205 22 3252
206 75 2554
207 24 2184
208 22 3338
209 50 1153
210 75 677
211 47 1869
212 94 1195
213 59 3123
214 43 3015
215 25 1147
216 83 1442
217 23 3537
218 81 1520
219 23 1330
220 99 2454
221 72 1699
222 58 1003
223 23 1619
224 43 1657
225 48 437
226 61 1524
227 49 1097
228 27 2065
229 68 255
230 33 944
231 94 1237
232 49 1073
233 42 2590
234 50 277
235 84 2369
236 95 262
237 88 393
238 67 3387
239 86 1976
240 45 3615
241 59 2475
242 62 802
243 84 917
244 25 1335
245 79 1195
246 88 726
247 52 630
248 73 2250
249 72 3366
250 61 970
251 43 2830
252 48 527
253 25 2112
254 37 1991
255 68 784
256 63 2654
257 96 1481
258 74 91
259 37 837
260 50 99
261 32 65
262 21 134
263 43 3232
264 82 2410
265 69 2726
266 28 900
267 20 3153
268 46 3417
269 44 3506
270 72 546
271 68 3146
272 20 3534
273 52 3151
274 53 2783
275 22 2789
276 27 3452
277 82 1623
278 32 3653
279 22 976
280 43 503
281 45 1862
282 28 1500
283 64 917
284 67 1314
285 91 620
286 46 3682
287 35 1741
288 97 1281
289 55 3212
290 82 745
291 63 3798
292 54 2355
293 89 2674
294 45 331
295 45 3058
296 84 2855
297 61 3310
298 56 814
299 81 207
300 76 968
301 97 711
302 40 3324
303 45 2392
304 71 3547
305 68 1075
306 80 2988
307 70 376
308 81 2601
309 74 3109
310 35 3715
311 52 2467
312 49 1467
313 72 3484
314 91 826
315 50 3043
316 61 475
317 97 2541
318 39 1720
319 60 2918
320 88 326
321 34 1961
322 53 1169
323 91 2796
324 75 2934
325 29 210
326 73 2872
327 96 322
328 99 3237
329 88 3497
330 46 1423
331 89 317
332 67 3360
333 65 120
334 80 1161
335 79 2749
336 97 1130
337 27 3111
338 22 2888
339 41 3708
340 81 2224
341 27 626
342 32 3660
343 91 640
344 55 333
345 90 3041
346 23 765
347 90 449
348 46 1777
349 60 1372
350 64 2559
351 65 2782
352 35 270
353 65 179
354 80 2546
355 63 1686
356 39 582
357 42 2667
358 27 3248
359 47 865
360 84 2583
361 43 2932
362 76 2137
363 64 321
364 93 2014
365 48 183
366 62 1426
367 37 3296
368 93 165
369 20 343
370 86 2421
371 66 169
372 55 2754
373 22 2034
374 99 1326
375 25 1451
376 63 2568
377 62 941
378 86 972
379 25 838
380 58 1486
381 23 2022
382 87 2713
383 47 521
384 35 3272
385 44 936
386 62 3677
387 99 1742
388 24 2381
389 88 1925
390 90 188
391 84 355
392 42 1478
393 27 3480
394 42 2699
395 37 1005
396 55 3635
397 33 1618
398 49 1692
399 67 2167
400 60 269
401 20 224
402 33 2432
403 83 1133
404 66 3699
405 62 3129
406 32 3536
407 53 258
408 61 3712
409 20 1346
410 90 3649
411 46 2338
412 71 2677
413 66 1377
414 86 1344
415 49 414
416 38 1706
417 23 2907
418 44 2169
419 63 1942
420 54 3447
421 23 3727
422 99 3431
423 97 1047
424 44 3773
425 29 1045
426 45 435
427 49 1323
428 74 1139
429 55 1070
430 71 3206
431 75 1696
432 30 1797
433 42 3769
434 64 2395
435 33 2482
436 62 1991
437 20 691
438 99 2615
439 52 3347
440 43 366
441 27 1396
442 58 2469
443 71 3326
444 75 2336
445 34 2413
446 77 1727
447 82 1664
448 72 2557
449 99 1591
450 40 573
451 90 1124
452 35 2997
453 72 1401
454 70 566
455 85 2750
456 50 2957
457 47 3451
458 41 1925
459 86 971
460 79 765
461 48 601
462 42 2241
463 82 3416
464 68 359
465 23 2315
466 70 400
467 71 3706
468 92 1894
469 83 1413
470 71 1814
471 40 2921
472 69 527
473 54 1824
474 85 3447
475 53 2761
476 93 3198
477 48 3193
478 55 196
479 99 1271
480 53 2652
481 93 945
482 75 1720
483 75 2846
484 90 1309
485 91 237
486 50 3458
487 41 1707
488 90 1542
489 20 2222
490 70 3736
491 94 1062
492 74 235
493 33 1203
494 22 2535
495 81 1563
496 67 3289
497 80 937
498 72 3653
499 31 1596
500 99 1267
501 44 1974
502 56 3353
503 40 2274
504 85 3574
505 23 3328
506 45 3433
507 96 3542
508 56 2975
509 48 1007
510 49 3352
511 68 691
512 22 3569
513 47 1415
514 35 1637
515 57 574
516 87 1771
517 54 1718
518 88 824
519 49 2551
520 92 3725
521 38 2307
522 35 2263
523 72 1428
524 56 2200
525 28 3445
526 24 2972
527 62 150
528 28 3061
529 27 859
530 39 3479
531 48 2715
532 39 1903
533 28 3284
534 33 1967
535 62 358
536 54 1882
537 64 377
538 60 1796
539 77 3450
540 87 728
541 86 131
542 50 802
543 37 712
544 50 1088
545 57 2359
546 25 2738
547 56 2084
548 34 1521
549 42 1739
550 28 3542
551 74 903
552 33 2782
553 92 706
554 76 1002
555 20 2569
556 74 623
557 45 1053
558 86 769
559 24 3387
560 85 2311
561 49 734
562 65 3498
563 25 3661
564 65 292
565 87 187
566 31 3398
567 94 3784
568 71 2193
569 52 1182
570 31 2304
571 70 2647
572 25 2498
573 73 1932
574 44 49
575 90 1846
576 67 484
577 78 2034
578 29 819
579 93 1979
580 35 3781
581 22 1380
582 30 982
583 85 269
584 50 841
585 95 2267
586 76 633
587 22 2109
588 85 930
589 25 93
590 34 442
591 92 1831
592 55 1586
593 43 2831
594 50 1905
595 30 983
596 34 3036
597 44 1914
598 82 820
599 99 1292
600 96 3701
601 47 1556
602 40 3767
603 40 937
604 74 2727
605 97 2724
606 93 2383
607 46 227
608 64 3768
609 45 408
610 84 1324
611 49 1254
612 64 1361
613 94 3012
614 66 2950
615 47 3666
616 45 3404
617 34 3627
618 39 3051
619 54 745
620 53 1136
621 93 1500
622 97 3029
623 60 2601
624 96 3479
625 32 3018
626 43 3566
627 20 2159
628 89 1035
629 78 3594
630 49 1849
631 47 3004
632 45 1031
633 88 817
634 46 217
635 84 2544
636 80 1941
637 70 1886
638 51 1434
639 65 3269
640 56 521
641 55 106
642 85 3622
643 97 614
644 70 235
645 66 1122
646 72 2078
647 62 186
648 73 3160
649 72 910
650 68 387
651 47 3714
652 55 3305
653 49 815
654 89 1122
655 99 2716
656 92 1481
657 87 1294
658 81 1750
659 96 385
660 55 2671
661 66 418
662 91 2077
663 73 628
664 85 1954
665 49 2931
666 71 1097
667 60 806
668 86 287
669 24 2264
670 51 870
671 49 2773
672 31 2729
673 59 2769
674 36 1230
675 54 1327
676 21 1621
677 80 2409
678 57 1528
679 55 508
680 96 1044
681 81 1662
682 92 2618
683 92 2659
684 68 3770
685 25 2874
686 36 2313
687 94 2405
688 61 2292
689 98 3313
690 39 1597
691 23 2723
692 26 958
693 63 2693
694 22 1790
695 95 2514
696 34 1017
697 43 3027
698 71 614
699 28 2377
700 77 1925
701 90 2234
702 51 1195
703 36 3009
704 66 2955
705 33 3330
706 45 2789
707 70 233
708 36 3106
709 40 3785
710 28 1370
711 74 266
712 30 617
713 25 2055
714 22 641
715 37 2721
716 31 2134
717 50 2135
718 67 474
719 32 1822
720 73 450
721 48 1979
722 82 1982
723 39 895
724 42 1680
725 39 1535
726 74 1176
727 44 1060
728 30 241
729 93 2150
730 26 2016
731 90 2752
732 82 2713
733 22 957
734 58 3527
735 51 1845
736 47 1898
737 65 589
738 60 1615
739 47 1859
740 35 3612
741 59 1990
742 76 2724
743 60 2530
744 25 683
745 48 3099
746 32 934
747 51 1911
748 43 2699
749 33 1597
750 39 2384
