NOP: 750
NINT: 26
0 162 13
162 258 14
258 396 15
396 543 16
543 681 17
681 779 18
779 924 19
924 1046 20
1046 1204 19
1204 1329 18
1329 1469 17
1469 1587 16
1587 1753 15
1753 1887 14
1887 1987 13
1987 2133 12
2133 2275 11
2275 2403 10
2403 2567 9
2567 2702 8
2702 2819 7
2819 2924 6
2924 3090 5
3090 3230 4
3230 3373 3
3373 300000 2
1 71 3551
2 60 1616
3 84 3470
4 42 810
5 36 3341
6 44 3380
7 62 2660
8 29 1619
9 84 3313
10 88 1301
11 55 1720
12 84 3073
13 63 1622
14 66 2650
15 35 1845
16 96 3572
17 56 3204
18 55 2568
19 20 2467
20 87 1958
21 27 3531
22 55 1399
23 27 3203
24 44 3327
25 22 1336
26 48 1771
27 92 2027
28 62 1257
29 65 1761
30 40 872
31 91 2461
32 78 124
33 85 193
34 83 2004
35 53 3514
36 96 2550
37 57 1158
38 92 1741
39 27 2783
40 23 1427
41 52 968
42 24 314
43 21 2252
44 52 187
45 93 403
46 99 165
47 64 905
48 81 2860
49 56 1974
50 93 1408
51 49 3474
52 64 215
53 71 2820
54 66 3334
55 89 3550
56 60 1419
57 64 1509
58 57 634
59 65 1581
60 65 3576
61 80 1007
62 86 185
63 67 2482
64 64 3102
65 64 2736
66 52 721
67 32 606
68 39 1151
69 44 3466
70 68 918
71 88 2097
72 80 135
73 98 885
74 66 1358
75 94 1398
76 37 1506
77 93 1591
78 46 2518
79 59 953
80 94 3428
81 94 481
82 45 942
83 38 1870
84 50 3103
85 48 3518
86 85 1299
87 92 3170
88 85 2609
89 89 2635
90 62 1733
91 68 928
92 61 2047
93 80 473
94 33 2917
95 69 3406
96 43 2328
97 55 269
98 79 927
99 40 2068
100 45 3568
101 64 1371
102 63 3430
103 74 584
104 75 455
105 73 794
106 89 689
107 96 1531
108 64 605
109 96 1270
110 77 997
111 34 2348
112 48 3228
113 39 3338
114 60 352
115 88 524
116 39 3345
117 74 3137
118 62 1996
119 76 2065
120 68 736
121 25 450
122 44 1448
123 51 2960
124 89 355
125 44 770
126 54 2150
127 61 3547
128 78 3464
129 38 370
130 78 3213
131 74 2061
132 88 2172
133 39 2608
134 44 51
135 56 2225
136 90 2030
137 49 734
138 26 535
139 36 2405
140 42 2894
141 22 3586
142 51 745
143 44 1574
144 23 2186
145 79 3040
146 23 916
147 37 3338
148 20 2019
149 35 408
150 78 1328
151 47 859
152 63 559
153 47 791
154 81 2333
155 25 3416
156 61 1193
157 89 2259
158 66 1897
159 63 3162
160 99 1913
161 65 2862
162 65 3301
163 45 828
164 44 2411
165 59 1352
166 72 2504
167 45 488
168 38 2968
169 59 3314
170 72 1463
171 28 3602
172 95 3172
173 38 1725
174 78 2151
175 27 2149
176 85 2367
177 39 3245
178 22 1638
179 52 1596
180 87 3333
181 37 2354
182 84 2842
183 64 992
184 80 1766
185 63 3320
186 36 2896
187 89 309
188 89 1839
189 66 2031
190 51 74
191 75 2545
192 25 2325
193 35 3051
194 63 3306
195 76 1726
196 66 2493
197 77 3357
198 83 3089
199 33 3368
200 22 2728
201 22 2689
202 48 338
203 46 1984
204 96 687
205 82 3236
206 94 1403
207 52 3487
208 38 2120
209 20 2204
210 85 322
211 42 1242
212 51 680
213 25 1997
214 62 646
215 94 2561
216 59 2398
217 42 2480
218 57 914
219 69 1410
220 73 3326
221 58 1707
222 71 346
223 42 2251
224 56 912
225 40 3211
226 86 3595
227 56 1269
228 71 1033
229 34 309
230 48 941
231 91 1455
232 75 2173
233 26 989
234 79 3497
235 32 2889
236 95 468
237 60 1614
238 98 2997
239 64 779
240 28 972
241 96 349
242 30 1968
243 35 3502
244 24 621
245 43 2866
246 28 1063
247 73 3247
248 88 3594
249 71 1630
250 88 985
251 25 1527
252 99 316
253 67 3295
254 44 1649
255 60 3204
256 84 2564
257 77 2028
258 95 1171
259 45 3324
260 56 1717
261 54 1019
262 96 2599
263 54 2330
264 95 1413
265 72 683
266 46 527
267 44 2917
268 28 272
269 54 3186
270 33 1626
271 64 790
272 38 2538
273 68 1781
274 30 791
275 41 939
276 75 609
277 76 2032
278 56 1726
279 56 3096
280 52 1948
281 27 3341
282 23 2084
283 22 2063
284 63 1137
285 33 522
286 52 1030
287 67 2543
288 54 2027
289 96 2643
290 63 1484
291 84 2452
292 87 1692
293 64 1809
294 76 3304
295 79 639
296 30 3213
297 43 2922
298 20 2446
299 80 505
300 97 3182
301 21 3447
302 36 2831
303 57 1028
304 52 1187
305 61 632
306 58 1481
307 26 1744
308 71 2857
309 28 2348
310 89 1731
311 36 2184
312 76 2673
313 76 1910
314 36 2790
315 65 757
316 28 1380
317 42 1193
318 23 1039
319 41 2903
320 56 1638
321 42 1399
322 51 1403
323 84 2405
324 55 364
325 54 2849
326 73 1491
327 67 1460
328 92 612
329 37 3435
330 71 1045
331 51 842
332 95 1134
333 46 1648
334 47 534
335 23 1822
336 86 1151
337 72 73
338 34 3584
339 93 3442
340 72 1935
341 37 346
342 88 2916
343 69 596
344 73 1697
345 20 346
346 44 2501
347 32 3293
348 93 3109
349 47 2475
350 22 2111
351 61 2466
352 36 2735
353 21 1855
354 91 3013
355 82 574
356 29 777
357 32 2071
358 91 839
359 95 744
360 58 799
361 72 1896
362 42 2118
363 29 1793
364 37 671
365 83 3233
366 35 3434
367 36 723
368 71 2184
369 20 1205
370 72 604
371 72 1918
372 89 613
373 37 1949
374 29 248
375 91 3193
376 23 3456
377 50 1270
378 36 3183
379 94 3119
380 26 1277
381 94 649
382 70 3025
383 69 2105
384 34 2795
385 69 2773
386 61 158
387 84 1028
388 30 3185
389 29 3441
390 68 3055
391 25 188
392 45 1210
393 84 2015
394 59 772
395 24 56
396 38 328
397 74 3006
398 50 422
399 91 3438
400 32 3395
401 70 1882
402 66 2021
403 33 3212
404 61 1598
405 93 2036
406 95 1454
407 61 1870
408 97 2891
409 95 3604
410 57 2086
411 59 1632
412 40 3423
413 66 788
414 89 765
415 33 2224
416 35 3234
417 95 1794
418 53 3411
419 83 2687
420 52 3015
421 34 3373
422 95 1880
423 57 3517
424 48 822
425 43 76
426 45 1276
427 76 1864
428 36 1517
429 97 2535
430 80 2555
431 28 2550
432 93 270
433 71 2069
434 75 2928
435 28 1912
436 50 1485
437 62 3605
438 87 2956
439 80 2323
440 54 3214
441 92 538
442 49 3010
443 26 968
444 43 1523
445 78 2843
446 85 2031
447 54 2371
448 58 1085
449 25 768
450 87 1213
451 96 2164
452 55 328
453 92 2619
454 41 1374
455 56 3331
456 35 603
457 44 2638
458 95 1180
459 92 1874
460 46 1627
461 74 1056
462 51 2969
463 88 3162
464 92 1663
465 85 2205
466 50 556
467 70 2281
468 44 860
469 28 324
470 58 2657
471 85 3532
472 75 1713
473 47 1068
474 77 127
475 55 2251
476 24 2196
477 80 2901
478 66 1723
479 82 1312
480 75 578
481 85 2188
482 70 882
483 30 3258
484 73 177
485 47 483
486 63 2176
487 88 296
488 36 1902
489 25 538
490 46 648
491 81 1822
492 87 1495
493 71 2440
494 77 2661
495 76 1194
496 97 749
497 38 2264
498 69 2951
499 98 3468
500 43 585
501 92 3019
502 36 2601
503 61 1866
504 91 1406
505 23 3306
506 98 3004
507 74 2481
508 36 335
509 62 2890
510 39 865
511 56 2639
512 66 2029
513 87 160
514 43 520
515 77 3048
516 63 2169
517 50 3484
518 48 659
519 68 2717
520 81 3255
521 40 3592
522 53 65
523 98 3579
524 95 1200
525 94 454
526 89 2725
527 28 487
528 67 3093
529 75 2058
530 53 2857
531 34 1996
532 96 3239
533 50 2741
534 52 1155
535 88 1919
536 98 2880
537 95 2926
538 52 2378
539 60 2082
540 33 2179
541 45 1209
542 69 2787
543 96 2390
544 63 2118
545 40 1618
546 39 1477
547 87 2306
548 70 2742
549 73 2078
550 30 3066
551 61 1053
552 33 1148
553 88 2941
554 67 457
555 86 2451
556 22 3516
557 39 2426
558 91 2500
559 28 3351
560 54 3452
561 24 2221
562 70 2602
563 56 1167
564 30 2013
565 52 345
566 87 2667
567 68 330
568 56 2307
569 24 1302
570 90 2149
571 26 1731
572 74 3110
573 42 1152
574 59 1969
575 81 3067
576 59 2491
577 62 1823
578 71 2863
579 73 3237
580 46 3003
581 51 3000
582 85 2856
583 71 3457
584 57 2383
585 58 1572
586 89 3351
587 65 243
588 83 2387
589 69 167
590 53 3271
591 72 3605
592 92 1361
593 40 2126
594 96 227
595 54 1802
596 20 1782
597 75 1502
598 61 2247
599 59 2753
600 51 3497
601 71 1319
602 42 2144
603 42 1634
604 42 426
605 64 1226
606 44 152
607 96 604
608 25 2423
609 56 2333
610 92 2751
611 30 1687
612 27 2472
613 93 2245
614 80 914
615 31 1484
616 25 3035
617 56 3161
618 33 920
619 39 216
620 98 1620
621 69 2323
622 31 642
623 95 882
624 57 1630
625 34 298
626 46 341
627 24 2337
628 47 1392
629 99 1134
630 94 2126
631 87 2749
632 84 894
633 85 1798
634 70 394
635 38 177
636 85 666
637 72 2469
638 65 1967
639 98 1860
640 99 619
641 93 1949
642 75 1210
643 66 153
644 21 1723
645 29 1289
646 29 2878
647 53 2720
648 56 3074
649 44 3335
650 21 304
651 55 3490
652 87 2516
653 81 3588
654 36 2436
655 46 3001
656 75 864
657 29 146
658 29 416
659 53 149
660 21 502
661 75 1819
662 35 3530
663 38 2371
664 66 3471
665 33 1961
666 82 2211
667 47 2564
668 30 2126
669 71 1030
670 52 1620
671 75 2926
672 35 3138
673 96 671
674 29 1439
675 24 1487
676 51 1774
677 36 1944
678 34 2798
679 97 2826
680 88 3180
681 77 1280
682 32 1830
683 82 3241
684 40 1344
685 20 1039
686 40 43
687 99 3352
688 57 355
689 31 1289
690 60 2544
691 81 1623
692 22 745
693 44 3585
694 96 1628
695 98 3039
696 64 265
697 53 1237
698 82 314
699 69 1610
700 74 3402
701 58 2706
702 41 3572
703 32 1312
704 32 1726
705 63 2176
706 87 2848
707 38 1184
708 20 2276
709 70 1654
710 46 1674
711 84 407
712 87 3589
713 45 359
714 66 3471
715 86 2600
716 45 2400
717 31 105
718 22 1207
719 32 64
720 79 1634
721 88 1488
722 23 2940
723 46 707
724 86 3313
725 23 106
726 22 2481
727 38 2459
728 82 2584
729 68 2552
730 57 1105
731 66 966
732 32 1526
733 89 1395
734 47 297
735 84 1018
736 33 2776
737 96 620
738 80 727
739 72 1913
740 74 696
741 51 793
742 44 2810
743 66 3152
744 68 3115
745 52 2923
746 34 2496
747 65 774
748 86 2062
749 79 830
750 66 1165
