NOP: 750
NINT: 32
0 77 27
77 142 28
142 207 29
207 311 30
311 372 29
372 457 28
457 530 27
530 590 26
590 655 25
655 744 24
744 846 23
846 947 22
947 1038 21
1038 1096 20
1096 1186 19
1186 1258 18
1258 1359 17
1359 1442 16
1442 1515 15
1515 1586 14
1586 1676 13
1676 1764 12
1764 1810 11
1810 1913 10
1913 2014 9
2014 2117 8
2117 2221 7
2221 2319 6
2319 2399 5
2399 2454 4
2454 2530 3
2530 300000 2
1 32 2438
2 66 1661
3 63 1029
4 51 88
5 41 1697
6 20 2259
7 29 2518
8 98 759
9 83 2172
10 78 2166
11 34 961
12 55 2147
13 27 2381
14 56 402
15 96 1379
16 47 1845
17 24 1397
18 58 500
19 76 1037
20 70 2586
21 78 658
22 60 2337
23 46 532
24 93 1029
25 37 2150
26 49 2420
27 62 2036
28 31 1316
29 71 1934
30 82 2402
31 26 2148
32 39 188
33 45 162
34 32 2273
35 50 862
36 87 141
37 64 418
38 24 2436
39 94 2507
40 75 1427
41 66 1366
42 64 90
43 91 2090
44 39 833
45 33 1317
46 86 2529
47 31 2498
48 67 1806
49 33 1413
50 26 406
51 64 1102
52 26 1458
53 80 1731
54 39 1869
55 46 1813
56 29 1407
57 54 369
58 79 840
59 46 397
60 84 120
61 83 577
62 27 905
63 20 2487
64 34 209
65 26 1387
66 74 781
67 28 814
68 28 543
69 84 1679
70 28 158
71 84 465
72 32 2262
73 89 984
74 92 533
75 60 301
76 79 724
77 21 489
78 99 276
79 75 1454
80 52 1533
81 88 1425
82 96 1310
83 28 2341
84 45 1662
85 22 1222
86 85 1557
87 33 2150
88 47 840
89 65 1723
90 41 2043
91 79 2399
92 68 234
93 44 1169
94 50 761
95 72 97
96 84 884
97 93 187
98 42 2115
99 80 925
100 66 860
101 47 1100
102 56 2393
103 47 823
104 44 990
105 80 2022
106 50 1021
107 70 1451
108 46 1887
109 49 2570
110 86 162
111 46 1850
112 47 537
113 41 317
114 27 1076
115 62 2381
116 82 2459
117 25 352
118 58 1889
119 49 925
120 32 2455
121 79 1070
122 99 1402
123 97 2356
124 38 2359
125 81 2310
126 32 1360
127 95 741
128 50 958
129 94 264
130 70 628
131 27 105
132 47 691
133 43 1826
134 90 1329
135 89 2266
136 45 986
137 22 1057
138 94 572
139 28 981
140 50 1548
141 24 2566
142 48 2527
143 55 188
144 47 816
145 76 1633
146 87 638
147 73 229
148 24 784
149 46 2020
150 69 2488
151 93 260
152 82 1007
153 61 2518
154 53 2036
155 26 1142
156 33 522
157 96 448
158 67 190
159 81 2368
160 37 2468
161 94 1761
162 71 818
163 36 1322
164 55 359
165 82 172
166 56 705
167 35 2118
168 22 2019
169 61 1825
170 32 1495
171 57 2313
172 37 1870
173 72 2406
174 54 927
175 58 2484
176 80 2335
177 49 1604
178 42 994
179 77 1873
180 25 1930
181 75 1910
182 29 1694
183 35 1380
184 58 1411
185 28 2564
186 78 2077
187 70 2181
188 80 1871
189 47 1153
190 81 2360
191 46 2070
192 99 1713
193 45 2500
194 73 808
195 40 910
196 74 2146
197 52 1478
198 20 1355
199 41 993
200 23 1298
201 80 698
202 83 1654
203 64 2388
204 50 1559
205 33 1922
206 76 1319
207 52 2180
208 95 1975
209 92 1205
210 90 421
211 55 729
212 55 1084
213 43 2265
214 21 191
215 28 2384
216 86 2255
217 82 1081
218 23 1628
219 57 1151
220 77 1213
221 78 612
222 50 772
223 65 2017
224 32 2120
225 38 1548
226 78 642
227 61 1817
228 98 1137
229 40 1033
230 73 1623
231 38 248
232 47 329
233 72 1870
234 48 2040
235 20 1375
236 30 2020
237 78 553
238 53 949
239 26 1326
240 24 1542
241 85 1909
242 59 98
243 74 1047
244 88 575
245 92 808
246 65 1778
247 88 414
248 72 140
249 30 213
250 29 1852
251 41 2513
252 26 1575
253 38 2573
254 24 994
255 44 1805
256 60 1942
257 25 651
258 38 694
259 47 2202
260 46 350
261 36 909
262 60 289
263 37 1369
264 26 266
265 25 2490
266 76 1565
267 92 965
268 43 1674
269 97 1241
270 38 53
271 72 1294
272 98 482
273 39 1546
274 72 1487
275 81 2360
276 40 2316
277 31 1777
278 64 764
279 67 2253
280 79 2380
281 47 257
282 75 624
283 34 449
284 74 536
285 60 1936
286 54 509
287 43 1385
288 33 1426
289 64 2575
290 20 129
291 58 686
292 66 165
293 64 2402
294 94 707
295 99 557
296 91 1439
297 56 1814
298 54 1499
299 72 1735
300 53 1530
301 62 1295
302 56 305
303 50 749
304 54 931
305 94 733
306 80 597
307 76 148
308 41 323
309 36 539
310 36 791
311 75 172
312 91 2526
313 34 829
314 35 276
315 38 1429
316 84 1006
317 83 2476
318 25 533
319 54 765
320 52 951
321 86 823
322 73 1489
323 42 1504
324 28 2385
325 69 2264
326 85 1157
327 58 1298
328 98 658
329 96 1734
330 43 1874
331 93 1398
332 74 1569
333 61 188
334 40 596
335 46 78
336 25 567
337 63 2426
338 63 662
339 56 609
340 73 1047
341 44 2143
342 72 1773
343 48 1752
344 91 2479
345 56 2561
346 52 2586
347 60 1987
348 85 1908
349 47 126
350 76 2387
351 45 584
352 92 1367
353 21 440
354 91 1389
355 48 690
356 80 1844
357 64 166
358 64 1988
359 40 528
360 65 426
361 63 185
362 93 605
363 65 2273
364 68 89
365 78 604
366 31 453
367 70 979
368 75 1303
369 93 1603
370 63 1960
371 73 2369
372 87 2011
373 61 1982
374 75 665
375 41 2431
376 25 963
377 84 2438
378 98 563
379 99 1238
380 90 2155
381 53 2045
382 71 425
383 74 2394
384 49 2150
385 28 1962
386 98 1477
387 36 2498
388 25 467
389 36 1385
390 36 814
391 81 243
392 95 456
393 67 1480
394 45 787
395 50 830
396 37 356
397 84 964
398 54 1189
399 59 896
400 36 2127
401 76 1174
402 56 1673
403 56 1682
404 24 2573
405 99 1282
406 96 427
407 59 2438
408 72 121
409 73 622
410 81 2434
411 73 1641
412 34 2514
413 61 1228
414 64 487
415 97 1039
416 57 1206
417 49 725
418 82 2486
419 67 157
420 61 675
421 30 574
422 33 1139
423 43 1500
424 98 1850
425 91 489
426 96 1948
427 45 520
428 75 585
429 25 1004
430 87 2350
431 42 995
432 50 2342
433 64 453
434 20 1274
435 35 984
436 90 934
437 49 984
438 34 436
439 44 881
440 40 669
441 20 1954
442 94 536
443 62 256
444 85 730
445 95 1479
446 69 828
447 29 241
448 44 2009
449 83 388
450 30 528
451 48 2547
452 94 1562
453 92 1860
454 39 1203
455 60 457
456 71 2402
457 33 2267
458 26 318
459 32 1105
460 79 731
461 71 379
462 53 2439
463 68 2217
464 41 325
465 45 2266
466 99 532
467 97 1635
468 27 1042
469 57 1943
470 87 128
471 90 2473
472 53 1060
473 86 1188
474 36 176
475 98 2273
476 20 1948
477 65 2291
478 76 311
479 90 1740
480 39 1242
481 63 644
482 84 2179
483 82 1458
484 61 235
485 53 411
486 94 1210
487 67 869
488 91 1380
489 95 401
490 52 2227
491 36 507
492 21 2194
493 57 1316
494 54 1408
495 36 1002
496 43 455
497 98 2142
498 76 801
499 94 2401
500 80 1751
501 53 848
502 27 1813
503 49 639
504 73 228
505 93 2478
506 79 360
507 38 419
508 80 306
509 56 1893
510 50 2219
511 36 1042
512 27 217
513 68 446
514 82 1136
515 82 174
516 79 1171
517 21 534
518 86 1840
519 85 2359
520 97 1143
521 93 800
522 76 971
523 93 1742
524 88 1574
525 99 819
526 73 1295
527 66 2145
528 30 869
529 83 2230
530 94 2033
531 60 907
532 61 954
533 88 499
534 93 1647
535 70 1351
536 41 206
537 48 455
538 93 722
539 20 359
540 53 166
541 82 506
542 84 2445
543 32 2336
544 26 823
545 98 866
546 46 416
547 66 2242
548 60 2118
549 60 768
550 33 2310
551 29 1172
552 29 43
553 20 2484
554 89 857
555 41 1793
556 66 425
557 29 462
558 77 151
559 74 1467
560 20 2022
561 53 2075
562 99 1573
563 56 1569
564 32 201
565 78 1428
566 62 116
567 75 1234
568 74 2346
569 28 952
570 38 440
571 45 1561
572 21 907
573 90 527
574 87 211
575 29 29
576 36 1103
577 37 477
578 69 341
579 67 509
580 85 1130
581 92 2465
582 62 1974
583 70 2051
584 90 652
585 92 1602
586 59 2484
587 50 1727
588 95 1990
589 45 1733
590 57 2493
591 76 479
592 36 1397
593 36 397
594 88 1393
595 23 1074
596 35 1173
597 58 2562
598 68 889
599 22 173
600 31 750
601 27 1600
602 96 1591
603 31 2092
604 46 445
605 80 1772
606 37 152
607 90 1104
608 39 1707
609 66 535
610 73 2142
611 79 1111
612 92 1645
613 97 788
614 62 2349
615 58 442
616 45 870
617 44 2179
618 33 1250
619 33 775
620 30 2113
621 64 1403
622 29 2505
623 91 2540
624 80 2174
625 45 1950
626 25 2501
627 90 1977
628 50 2408
629 81 2340
630 40 2134
631 61 1923
632 88 362
633 99 2080
634 98 476
635 38 1280
636 70 2310
637 61 2297
638 99 2080
639 21 1481
640 42 1101
641 86 2489
642 77 2202
643 97 380
644 99 1691
645 73 124
646 22 1886
647 75 707
648 48 1663
649 77 1333
650 41 1847
651 52 2079
652 79 2245
653 90 2250
654 73 1290
655 63 2520
656 24 2445
657 48 597
658 96 1083
659 63 1487
660 71 2118
661 48 2507
662 68 165
663 75 879
664 83 2441
665 27 2312
666 64 929
667 98 1596
668 87 2193
669 75 1741
670 37 1384
671 43 1977
672 79 2392
673 33 442
674 65 138
675 92 1091
676 21 1023
677 41 1762
678 43 1553
679 97 2504
680 52 1846
681 94 312
682 77 1705
683 86 954
684 59 1778
685 89 2072
686 60 804
687 72 1603
688 30 1361
689 82 2236
690 34 1152
691 99 1672
692 45 2541
693 51 861
694 65 297
695 97 119
696 35 749
697 39 1093
698 52 2368
699 93 1463
700 75 568
701 75 1326
702 37 250
703 98 1479
704 45 702
705 24 1140
706 86 949
707 79 535
708 57 2003
709 91 2442
710 96 2586
711 78 1991
712 49 225
713 48 458
714 54 1136
715 37 308
716 83 2040
717 47 1659
718 81 2492
719 72 527
720 42 486
721 23 2134
722 74 1065
723 61 1465
724 31 2025
725 60 387
726 95 1120
727 30 597
728 34 339
729 50 959
730 67 910
731 33 550
732 27 795
733 44 1505
734 38 1185
735 38 813
736 28 2169
737 65 1652
738 47 792
739 41 807
740 41 1910
741 53 170
742 47 691
743 70 1742
744 25 2111
745 60 843
746 47 1214
747 29 2425
748 38 1088
749 55 1762
750 65 940
