NOP: 750
NINT: 22
0 179 17
179 372 18
372 549 19
549 699 20
699 833 19
833 1011 18
1011 1109 17
1109 1214 16
1214 1379 15
1379 1522 14
1522 1728 13
1728 1910 12
1910 2064 11
2064 2222 10
2222 2362 9
2362 2516 8
2516 2653 7
2653 2775 6
2775 2992 5
2992 3115 4
3115 3276 3
3276 300000 2
1 38 1685
2 43 2187
3 96 2660
4 35 686
5 85 2877
6 28 2999
7 79 2455
8 90 3166
9 75 1493
10 78 949
11 83 116
12 42 2985
13 30 3187
14 95 127
15 35 3360
16 84 3461
17 95 1856
18 40 398
19 74 920
20 57 900
21 90 1319
22 96 2251
23 56 1138
24 43 2140
25 82 2039
26 67 2072
27 53 3498
28 62 2301
29 51 1053
30 23 2452
31 35 462
32 48 3121
33 50 3200
34 47 2310
35 33 77
36 24 1640
37 81 2712
38 94 1138
39 65 2477
40 95 2882
41 98 2281
42 40 1898
43 59 3538
44 56 3314
45 55 320
46 50 1046
47 29 507
48 26 88
49 38 3133
50 68 3133
51 35 2820
52 75 2389
53 59 517
54 65 2005
55 21 2779
56 95 2615
57 74 3545
58 24 1294
59 99 1866
60 39 2220
61 25 3364
62 46 3064
63 67 1022
64 61 2522
65 24 3131
66 86 3340
67 58 146
68 26 2745
69 33 2995
70 54 301
71 55 2532
72 88 897
73 41 941
74 54 1347
75 50 3211
76 38 3092
77 65 3092
78 28 154
79 55 1368
80 71 3060
81 84 773
82 75 321
83 65 1600
84 22 2160
85 74 1668
86 47 3362
87 88 264
88 61 3429
89 28 1400
90 22 1752
91 27 966
92 50 1879
93 76 1566
94 28 3224
95 80 2083
96 59 625
97 37 263
98 49 2406
99 53 3469
100 46 2453
101 56 3011
102 65 2371
103 48 1232
104 22 2764
105 70 2898
106 27 731
107 60 2768
108 71 1076
109 71 1313
110 44 3589
111 86 3120
112 75 1769
113 44 121
114 54 3556
115 32 898
116 72 275
117 58 3154
118 33 1873
119 41 2421
120 48 2758
121 61 2787
122 78 944
123 28 2950
124 46 2051
125 96 2861
126 80 1217
127 93 2407
128 56 1410
129 33 2715
130 22 1155
131 45 1774
132 41 596
133 54 1508
134 44 291
135 37 2787
136 49 2708
137 46 984
138 46 803
139 82 593
140 75 3398
141 97 1759
142 67 246
143 52 1213
144 50 2900
145 53 3481
146 34 2428
147 91 1654
148 84 939
149 94 2040
150 55 1177
151 54 1556
152 64 3243
153 55 62
154 33 3521
155 74 318
156 58 2582
157 37 2405
158 94 1104
159 98 560
160 36 151
161 99 2579
162 46 721
163 73 858
164 54 2711
165 71 887
166 35 87
167 50 3380
168 49 2299
169 47 2506
170 75 1514
171 63 3361
172 63 2107
173 69 3029
174 36 2262
175 33 3037
176 25 2138
177 69 2347
178 90 920
179 97 2640
180 30 2951
181 86 452
182 22 2352
183 90 214
184 48 3118
185 77 3604
186 90 137
187 96 293
188 27 243
189 88 161
190 75 1339
191 38 518
192 43 2630
193 93 256
194 54 2029
195 75 2395
196 65 374
197 85 2565
198 41 336
199 76 1181
200 74 3596
201 92 3510
202 88 2420
203 28 1123
204 71 2611
205 75 2487
206 53 233
207 93 3346
208 96 3416
209 66 1469
210 64 2743
211 38 1684
212 79 1841
213 22 2312
214 66 374
215 71 2274
216 81 257
217 42 2370
218 77 3586
219 38 2930
220 64 399
221 50 3054
222 23 1368
223 25 3400
224 50 607
225 40 345
226 63 1847
227 23 2635
228 57 2187
229 54 284
230 24 545
231 41 941
232 41 2946
233 89 2497
234 93 900
235 61 1998
236 48 1827
237 30 382
238 28 1956
239 37 1858
240 90 2546
241 39 573
242 97 2067
243 75 1190
244 91 1752
245 40 1886
246 91 533
247 78 2092
248 20 546
249 79 1310
250 77 1209
251 47 2041
252 55 489
253 47 2080
254 29 292
255 25 1872
256 81 795
257 60 1877
258 21 1825
259 47 142
260 79 3058
261 27 443
262 65 2199
263 79 721
264 20 2619
265 83 2827
266 60 2842
267 57 1413
268 68 2227
269 53 1603
270 97 3432
271 30 1421
272 36 1977
273 38 1103
274 49 1249
275 97 3555
276 70 168
277 48 2759
278 46 1715
279 51 227
280 68 378
281 91 1864
282 63 1756
283 32 1377
284 44 2947
285 81 802
286 87 689
287 96 1501
288 21 1369
289 53 1066
290 97 3235
291 39 2076
292 31 2874
293 86 1791
294 57 1457
295 63 2836
296 55 1724
297 42 3396
298 36 1539
299 43 3533
300 25 2257
301 84 1346
302 24 906
303 48 1100
304 97 3238
305 26 189
306 85 95
307 44 2051
308 53 954
309 38 2221
310 61 724
311 26 3388
312 40 1997
313 58 3566
314 43 1238
315 20 2262
316 47 3339
317 94 1027
318 94 1581
319 52 280
320 37 219
321 23 210
322 55 2121
323 29 313
324 29 1381
325 36 1205
326 20 1496
327 35 3301
328 23 1610
329 29 3175
330 77 1237
331 54 746
332 32 2944
333 86 3295
334 97 3078
335 60 1300
336 59 3222
337 47 3356
338 52 293
339 32 3068
340 75 2158
341 50 2630
342 51 1203
343 49 383
344 69 2383
345 90 3239
346 51 1890
347 61 3240
348 72 563
349 88 887
350 35 883
351 38 749
352 29 398
353 46 3454
354 77 1042
355 95 1533
356 56 715
357 33 3149
358 41 2528
359 78 3317
360 20 1852
361 57 3290
362 46 1599
363 26 2263
364 61 1654
365 68 768
366 33 369
367 70 3337
368 24 2691
369 82 1459
370 51 1535
371 21 41
372 27 1948
373 60 3037
374 99 2922
375 44 3149
376 94 1747
377 45 769
378 40 3321
379 33 1083
380 79 1367
381 34 3203
382 46 3066
383 33 2342
384 84 2038
385 93 2930
386 38 1041
387 44 305
388 27 3582
389 88 553
390 80 2688
391 47 2304
392 61 2082
393 48 2901
394 37 1974
395 59 869
396 52 848
397 22 3019
398 89 1364
399 84 1030
400 78 128
401 65 73
402 68 751
403 78 2685
404 21 1818
405 72 2566
406 21 2339
407 30 2767
408 72 1936
409 41 1578
410 92 2138
411 45 3388
412 96 1346
413 56 861
414 56 2032
415 25 1410
416 99 99
417 63 2766
418 63 2165
419 44 2605
420 38 1793
421 67 1223
422 71 1381
423 22 1647
424 91 1304
425 87 3049
426 37 421
427 43 1384
428 48 3411
429 50 2120
430 82 2431
431 50 1881
432 73 1655
433 80 1747
434 65 674
435 84 167
436 80 170
437 24 2825
438 41 1615
439 48 3432
440 41 1934
441 67 2570
442 97 1761
443 57 2962
444 78 227
445 43 63
446 86 2212
447 30 1773
448 56 2084
449 39 923
450 77 3163
451 38 1481
452 28 2249
453 67 1413
454 83 2962
455 87 3059
456 63 1296
457 30 3423
458 65 434
459 73 3211
460 71 3050
461 66 307
462 78 125
463 94 2731
464 24 888
465 99 733
466 42 1929
467 88 1994
468 42 772
469 44 1082
470 31 3162
471 67 3419
472 46 3583
473 99 1127
474 20 1050
475 72 2817
476 50 621
477 71 1122
478 74 1214
479 72 371
480 75 771
481 73 685
482 30 3456
483 27 51
484 84 1798
485 37 1879
486 60 3524
487 75 2025
488 55 383
489 41 2815
490 58 2078
491 59 2009
492 40 999
493 69 958
494 64 2293
495 62 2649
496 96 1868
497 22 2889
498 90 2777
499 32 1392
500 44 3314
501 25 1414
502 82 1558
503 50 1666
504 33 185
505 24 961
506 54 1442
507 26 1708
508 62 2199
509 30 2916
510 96 350
511 86 3448
512 49 1283
513 75 1221
514 48 465
515 77 2909
516 37 1493
517 23 584
518 56 1724
519 88 1687
520 26 1832
521 75 78
522 68 2457
523 52 1644
524 49 1792
525 34 2629
526 75 86
527 43 3293
528 65 1203
529 95 1825
530 62 279
531 73 457
532 50 734
533 79 2709
534 38 2656
535 74 638
536 31 2256
537 83 126
538 93 1507
539 50 2109
540 66 1664
541 86 3538
542 36 1354
543 65 564
544 75 2175
545 51 694
546 67 2729
547 66 3149
548 32 1422
549 45 487
550 56 3260
551 33 3479
552 58 67
553 94 3240
554 74 1255
555 56 1370
556 56 3261
557 77 222
558 55 1041
559 77 1030
560 68 2474
561 62 3018
562 89 662
563 25 100
564 82 2225
565 84 1117
566 55 2874
567 20 2781
568 54 239
569 86 2799
570 34 848
571 75 1865
572 20 3261
573 99 1652
574 29 639
575 38 806
576 46 3114
577 56 645
578 61 3418
579 79 3257
580 23 2031
581 97 2690
582 81 1382
583 73 2963
584 48 1798
585 22 2974
586 85 1566
587 75 1607
588 75 2646
589 36 2592
590 67 3348
591 34 2981
592 27 3197
593 26 1121
594 41 1373
595 53 868
596 25 2728
597 47 3534
598 20 698
599 49 1708
600 83 1059
601 46 349
602 60 3290
603 52 273
604 38 59
605 81 2031
606 93 3078
607 22 2321
608 82 1597
609 70 511
610 24 2592
611 54 1024
612 71 96
613 55 810
614 38 3028
615 81 3121
616 99 426
617 58 1015
618 47 2872
619 88 335
620 55 2877
621 26 2555
622 85 2465
623 80 2244
624 88 1749
625 73 1263
626 82 2727
627 71 425
628 81 3047
629 35 2523
630 71 1619
631 74 3289
632 62 2417
633 45 71
634 82 1508
635 54 432
636 98 1515
637 44 1507
638 44 1443
639 66 463
640 82 2656
641 26 605
642 57 262
643 78 197
644 59 865
645 34 2129
646 26 511
647 61 2053
648 32 2372
649 82 3130
650 69 2365
651 56 3379
652 81 3493
653 45 1682
654 46 287
655 57 3045
656 27 2375
657 32 1131
658 28 1652
659 37 816
660 58 567
661 77 3425
662 39 2387
663 67 1003
664 93 2297
665 99 1067
666 93 2563
667 38 1038
668 53 561
669 56 3525
670 60 2998
671 93 671
672 94 1398
673 29 2393
674 23 986
675 41 2324
676 32 2918
677 61 1264
678 68 2910
679 32 344
680 35 567
681 72 926
682 66 1127
683 24 800
684 37 1050
685 28 819
686 63 3189
687 93 1866
688 53 1875
689 36 1422
690 40 832
691 65 2233
692 27 1968
693 70 1125
694 76 1138
695 35 2056
696 67 2375
697 63 2375
698 27 3346
699 29 1029
700 26 1796
701 54 2237
702 43 55
703 75 1114
704 29 184
705 36 1080
706 23 292
707 80 2895
708 26 3205
709 56 1134
710 87 3223
711 53 2183
712 98 2013
713 26 2715
714 65 1094
715 45 2457
716 43 1894
717 83 3373
718 76 1144
719 99 2860
720 93 3231
721 94 2108
722 44 3181
723 39 990
724 43 2187
725 91 3241
726 77 2760
727 89 1147
728 91 1623
729 40 1783
730 31 958
731 98 3268
732 52 1512
733 53 293
734 54 1609
735 88 773
736 29 2420
737 26 1702
738 28 940
739 24 2816
740 50 912
741 32 3251
742 31 3390
743 87 1742
744 74 1664
745 95 2087
746 68 2580
747 80 140
748 72 699
749 91 903
750 87 2760
