NOP: 750
NINT: 21
0 176 18
176 294 19
294 418 20
418 658 19
658 827 18
827 1031 17
1031 1223 16
1223 1371 15
1371 1524 14
1524 1681 13
1681 1901 12
1901 2052 11
2052 2191 10
2191 2321 9
2321 2575 8
2575 2780 7
2780 2974 6
2974 3161 5
3161 3326 4
3326 3461 3
3461 300000 2
1 25 2529
2 66 2475
3 37 1777
4 23 1132
5 92 3304
6 93 3081
7 21 1950
8 51 2000
9 84 1830
10 59 1443
11 86 951
12 50 3674
13 39 2352
14 77 2655
15 57 2924
16 38 532
17 47 2284
18 53 3645
19 93 2133
20 20 2263
21 48 2254
22 77 1628
23 98 702
24 28 2127
25 68 647
26 81 570
27 75 328
28 82 991
29 30 976
30 23 2607
31 86 1677
32 77 152
33 70 277
34 25 50
35 44 3374
36 58 1137
37 63 758
38 22 656
39 67 671
40 93 1907
41 66 2206
42 29 692
43 63 1695
44 64 2170
45 56 817
46 89 973
47 61 494
48 85 974
49 79 1524
50 62 1779
51 35 2312
52 97 1587
53 32 357
54 97 2081
55 74 1381
56 82 1667
57 98 972
58 39 210
59 38 3002
60 46 2422
61 51 2050
62 73 1429
63 20 3580
64 40 624
65 81 636
66 51 3339
67 89 930
68 62 1677
69 92 856
70 36 1737
71 30 2384
72 96 3172
73 23 1863
74 83 3356
75 89 387
76 58 242
77 60 1959
78 38 2218
79 76 1268
80 73 2978
81 86 749
82 28 2524
83 76 1830
84 24 679
85 68 2080
86 98 2202
87 82 657
88 20 2546
89 27 2345
90 46 2070
91 73 1829
92 84 621
93 20 1290
94 49 867
95 61 2861
96 68 2497
97 72 2577
98 42 1036
99 46 1582
100 46 3312
101 51 1002
102 84 2766
103 39 2110
104 85 1563
105 49 647
106 79 1518
107 57 3058
108 28 1735
109 85 3523
110 69 879
111 94 2833
112 92 3332
113 33 1624
114 22 3547
115 77 3567
116 84 2669
117 34 1432
118 76 1521
119 67 250
120 27 3023
121 60 87
122 40 975
123 81 2942
124 43 734
125 53 1056
126 46 3126
127 47 1122
128 48 754
129 20 2282
130 67 959
131 97 2105
132 60 274
133 30 1406
134 32 1781
135 27 2586
136 24 1968
137 84 1294
138 94 1682
139 22 1075
140 62 1275
141 34 3313
142 27 1561
143 58 2782
144 53 2285
145 32 2020
146 63 1370
147 61 837
148 21 1831
149 57 744
150 57 1809
151 51 2673
152 22 745
153 20 2436
154 33 3088
155 82 3580
156 59 3001
157 82 1583
158 81 2495
159 86 580
160 56 2814
161 61 944
162 32 2830
163 42 2371
164 62 2815
165 21 471
166 46 2274
167 97 2320
168 53 2452
169 60 247
170 86 1619
171 26 1392
172 43 2094
173 71 782
174 89 2981
175 64 3156
176 37 1755
177 28 1037
178 40 3349
179 30 1581
180 26 2202
181 67 1932
182 80 1565
183 27 2800
184 69 3584
185 78 2406
186 46 231
187 71 520
188 59 2393
189 35 3161
190 92 3229
191 96 3142
192 73 1845
193 65 2885
194 83 205
195 28 2842
196 39 1660
197 36 1711
198 38 1802
199 74 2677
200 57 2160
201 98 3395
202 44 110
203 78 364
204 53 291
205 33 929
206 68 920
207 67 2987
208 53 2685
209 51 1184
210 44 1127
211 89 275
212 66 2762
213 46 3381
214 93 2191
215 76 1375
216 84 1029
217 85 563
218 42 943
219 65 3026
220 26 3658
221 91 3445
222 40 1511
223 83 2431
224 61 560
225 71 1677
226 83 2148
227 65 993
228 44 3338
229 39 604
230 50 1649
231 72 556
232 39 1863
233 82 3615
234 87 3062
235 26 687
236 75 3070
237 53 3010
238 69 1137
239 75 3269
240 25 3486
241 28 1738
242 27 2122
243 64 2002
244 32 3338
245 36 2674
246 38 386
247 83 2943
248 31 2388
249 24 1436
250 73 1880
251 38 3390
252 74 3155
253 91 2802
254 31 2247
255 79 3419
256 54 3381
257 77 1671
258 95 2117
259 82 1102
260 39 800
261 83 1401
262 23 2961
263 58 2697
264 84 1216
265 99 2350
266 41 1000
267 55 339
268 45 3451
269 36 1814
270 79 2506
271 81 243
272 58 1693
273 43 1036
274 64 636
275 58 1226
276 88 970
277 62 3183
278 30 1497
279 44 2082
280 91 1250
281 57 3492
282 51 1783
283 78 783
284 62 69
285 41 616
286 67 867
287 94 1927
288 82 1915
289 55 891
290 85 1561
291 70 499
292 57 2725
293 55 86
294 60 3036
295 74 2503
296 23 3667
297 37 1632
298 48 3652
299 92 184
300 79 1222
301 33 1692
302 93 721
303 59 2780
304 92 2447
305 89 1535
306 51 2209
307 32 1057
308 24 54
309 59 378
310 39 1387
311 61 3108
312 33 2685
313 53 2289
314 72 822
315 69 269
316 21 21
317 45 2258
318 91 2180
319 98 901
320 62 3012
321 21 107
322 87 2700
323 36 2174
324 95 2565
325 85 1703
326 28 1440
327 51 2003
328 21 820
329 48 3279
330 98 2911
331 82 3129
332 28 2102
333 36 2131
334 29 1912
335 98 3085
336 64 2358
337 61 3327
338 58 3567
339 85 2504
340 41 3188
341 38 2313
342 95 1876
343 68 1911
344 78 3436
345 53 3458
346 88 2362
347 48 3297
348 48 1004
349 61 995
350 84 3575
351 81 2977
352 22 3350
353 58 1781
354 34 3046
355 37 387
356 65 728
357 48 1277
358 45 2376
359 45 1230
360 59 1366
361 86 1512
362 68 1554
363 31 1639
364 98 212
365 75 1834
366 24 872
367 76 2233
368 90 2838
369 65 439
370 95 841
371 83 834
372 46 3587
373 22 1318
374 49 1427
375 77 2415
376 22 1663
377 74 730
378 35 2857
379 57 3670
380 22 2515
381 65 2517
382 42 2226
383 97 968
384 46 151
385 60 139
386 27 2881
387 34 2225
388 78 857
389 80 327
390 82 89
391 89 816
392 43 2335
393 46 2910
394 40 1485
395 72 1243
396 79 2855
397 94 2121
398 82 1313
399 87 2415
400 84 1979
401 77 1019
402 78 2474
403 36 3613
404 67 1682
405 20 59
406 41 2440
407 69 2045
408 61 2936
409 76 3687
410 82 496
411 29 3164
412 80 3408
413 92 2023
414 92 1702
415 30 843
416 36 2123
417 65 2106
418 47 2130
419 46 1100
420 94 2074
421 65 2924
422 75 2625
423 46 1078
424 39 791
425 56 2220
426 20 3594
427 43 1985
428 40 523
429 86 3052
430 32 3008
431 21 118
432 65 2485
433 66 2283
434 39 3461
435 58 3539
436 53 3439
437 47 1203
438 63 2336
439 91 2430
440 31 2560
441 23 992
442 99 3401
443 51 2008
444 91 2960
445 32 2015
446 65 3345
447 27 2658
448 85 2989
449 82 785
450 59 1915
451 29 1137
452 98 516
453 63 629
454 84 929
455 70 2249
456 84 2564
457 67 1193
458 84 3391
459 43 572
460 39 667
461 24 2474
462 70 650
463 63 1781
464 36 1294
465 64 1359
466 52 2565
467 84 1208
468 46 361
469 60 1136
470 50 3544
471 30 1484
472 76 2559
473 49 2960
474 67 931
475 90 2970
476 40 751
477 66 1958
478 30 3625
479 30 3381
480 96 3092
481 72 1553
482 96 975
483 25 2191
484 29 2507
485 48 776
486 23 327
487 88 1823
488 42 1556
489 86 242
490 34 650
491 73 3139
492 55 2161
493 76 2256
494 69 2845
495 39 1610
496 92 773
497 87 1874
498 73 588
499 58 1786
500 80 3631
501 30 2572
502 60 1712
503 54 1020
504 64 700
505 66 2039
506 35 1129
507 45 891
508 57 2954
509 27 1316
510 21 2004
511 66 484
512 43 2007
513 81 1481
514 61 2596
515 90 2837
516 49 3598
517 92 1045
518 54 3047
519 53 2422
520 27 2934
521 43 2582
522 21 2258
523 21 1341
524 69 3163
525 54 3566
526 97 2316
527 39 3245
528 64 3301
529 49 1767
530 57 477
531 55 2486
532 38 3353
533 69 917
534 91 2206
535 24 2796
536 61 1522
537 67 2998
538 77 1148
539 32 2294
540 60 352
541 67 2500
542 64 644
543 39 1158
544 38 3430
545 27 1627
546 53 1806
547 69 2137
548 28 324
549 33 1593
550 92 2078
551 25 781
552 55 1512
553 43 2095
554 81 1091
555 25 2275
556 95 633
557 83 402
558 87 2785
559 61 3218
560 69 1923
561 66 1272
562 34 970
563 77 115
564 52 790
565 22 732
566 50 2984
567 53 592
568 54 2754
569 68 3157
570 31 2482
571 82 1519
572 20 1287
573 37 645
574 36 1097
575 20 563
576 98 3674
577 50 630
578 38 308
579 43 1558
580 60 919
581 51 78
582 34 1636
583 61 112
584 81 3587
585 57 1158
586 82 1159
587 70 1108
588 66 312
589 87 504
590 36 1743
591 66 2819
592 50 3542
593 60 3324
594 38 1470
595 22 1915
596 43 562
597 85 2069
598 48 448
599 38 1589
600 28 2631
601 29 1735
602 86 2297
603 92 2175
604 95 2255
605 57 2599
606 89 1575
607 27 642
608 92 2027
609 53 225
610 20 3383
611 32 3011
612 58 3490
613 50 3055
614 23 2836
615 38 528
616 43 2279
617 87 2471
618 68 86
619 38 1823
620 74 2230
621 39 2024
622 45 1208
623 77 2723
624 50 2186
625 36 1824
626 97 523
627 32 1512
628 21 2099
629 89 2432
630 73 2857
631 84 3289
632 46 2410
633 32 2753
634 49 3216
635 35 2256
636 27 2347
637 99 2507
638 61 2922
639 79 1839
640 94 1570
641 96 759
642 38 3149
643 99 1940
644 93 3074
645 45 103
646 21 1828
647 41 298
648 53 898
649 50 450
650 29 849
651 55 206
652 64 297
653 23 1354
654 38 3467
655 39 1700
656 45 2046
657 78 2602
658 71 1678
659 51 2209
660 79 3600
661 20 3136
662 53 2554
663 42 1404
664 94 1722
665 23 2890
666 76 2248
667 36 380
668 41 2611
669 90 2688
670 30 2487
671 39 461
672 30 1992
673 66 1110
674 72 2912
675 41 907
676 27 3429
677 38 736
678 63 563
679 80 2599
680 93 1400
681 96 3093
682 80 1396
683 76 1732
684 48 1246
685 58 3055
686 84 1260
687 69 2510
688 72 2202
689 46 1300
690 59 1416
691 28 2372
692 64 1256
693 23 1303
694 63 2279
695 45 585
696 38 921
697 96 2321
698 41 108
699 81 864
700 89 1876
701 49 2316
702 66 1163
703 94 3375
704 65 2877
705 36 2182
706 40 3374
707 81 2366
708 35 432
709 84 1748
710 94 109
711 94 574
712 37 3612
713 20 1368
714 71 2505
715 99 3439
716 93 1748
717 91 1761
718 20 1042
719 59 930
720 25 1606
721 23 3418
722 58 881
723 39 3552
724 36 1032
725 26 2278
726 59 3300
727 66 2362
728 29 2516
729 22 2841
730 87 1455
731 31 2262
732 52 281
733 34 1821
734 33 3202
735 75 480
736 42 1408
737 72 1093
738 39 541
739 48 2592
740 78 143
741 28 537
742 73 870
743 77 1417
744 57 973
745 71 3654
746 47 3166
747 44 618
748 66 2870
749 47 359
750 72 949
