NOP: 750
NINT: 51
0 29 48
29 57 49
57 95 50
95 133 49
133 168 48
168 205 47
205 239 46
239 260 45
260 299 44
299 331 43
331 363 42
363 401 41
401 436 40
436 477 39
477 502 38
502 539 37
539 570 36
570 593 35
593 627 34
627 653 33
653 692 32
692 719 31
719 752 30
752 787 29
787 815 28
815 841 27
841 873 26
873 901 25
901 926 24
926 960 23
960 996 22
996 1019 21
1019 1052 20
1052 1080 19
1080 1099 18
1099 1127 17
1127 1163 16
1163 1202 15
1202 1227 14
1227 1250 13
1250 1270 12
1270 1303 11
1303 1344 10
1344 1376 9
1376 1401 8
1401 1435 7
1435 1456 6
1456 1492 5
1492 1516 4
1516 1553 3
1553 300000 2
1 99 473
2 56 413
3 60 690
4 84 592
5 40 1442
6 54 1463
7 67 189
8 57 111
9 28 504
10 62 927
11 88 394
12 81 854
13 82 1615
14 95 1239
15 74 1122
16 62 1539
17 25 81
18 29 191
19 30 1002
20 29 1159
21 35 56
22 60 1179
23 38 504
24 51 904
25 64 1484
26 80 1203
27 32 1289
28 45 145
29 47 830
30 96 1062
31 97 161
32 91 454
33 41 1551
34 54 1416
35 54 1031
36 68 1019
37 42 1557
38 92 143
39 23 1218
40 77 617
41 72 1267
42 65 513
43 70 682
44 32 970
45 53 541
46 82 464
47 92 400
48 66 541
49 24 553
50 20 1325
51 82 993
52 72 1364
53 41 69
54 37 588
55 58 223
56 82 1377
57 54 495
58 80 619
59 72 1185
60 82 282
61 33 511
62 95 166
63 64 1580
64 65 1071
65 20 880
66 49 555
67 38 1327
68 51 715
69 54 604
70 20 1418
71 35 340
72 79 1215
73 64 542
74 48 1424
75 46 1529
76 70 827
77 70 823
78 95 279
79 77 302
80 42 881
81 47 1235
82 65 1618
83 37 675
84 99 308
85 33 964
86 99 239
87 28 443
88 69 332
89 53 935
90 59 1414
91 68 887
92 57 890
93 95 1410
94 54 324
95 47 1269
96 65 1201
97 32 294
98 79 949
99 54 1534
100 64 887
101 71 923
102 76 1140
103 71 1600
104 84 253
105 81 1568
106 92 960
107 63 1289
108 83 109
109 51 790
110 95 1287
111 59 1574
112 76 992
113 54 1006
114 59 782
115 52 202
116 33 437
117 55 399
118 90 934
119 40 1258
120 24 922
121 95 193
122 73 594
123 49 1076
124 99 505
125 89 1583
126 27 774
127 61 83
128 30 204
129 76 82
130 38 200
131 63 1047
132 54 472
133 46 1323
134 92 893
135 49 1118
136 27 1176
137 76 485
138 96 1511
139 22 845
140 32 888
141 27 1144
142 68 880
143 38 845
144 77 242
145 68 70
146 96 619
147 98 796
148 26 451
149 64 684
150 73 1235
151 20 379
152 22 1333
153 44 493
154 24 327
155 70 420
156 95 1479
157 28 1595
158 25 587
159 81 98
160 47 1619
161 42 1439
162 48 396
163 92 579
164 37 1105
165 50 383
166 55 1470
167 67 803
168 39 840
169 37 1343
170 26 68
171 49 487
172 54 586
173 57 1410
174 55 831
175 41 820
176 54 87
177 73 1033
178 88 664
179 83 104
180 79 753
181 43 924
182 50 533
183 70 1003
184 68 1437
185 96 1020
186 67 842
187 85 829
188 70 572
189 38 1329
190 62 488
191 54 199
192 42 221
193 40 823
194 23 1494
195 63 1003
196 90 764
197 68 1025
198 89 1063
199 75 857
200 71 383
201 29 511
202 54 1059
203 91 646
204 98 154
205 45 557
206 75 390
207 27 217
208 88 1615
209 48 990
210 40 1310
211 78 537
212 31 1137
213 70 585
214 59 1218
215 27 1446
216 29 441
217 77 84
218 29 963
219 87 309
220 94 635
221 56 67
222 73 531
223 25 607
224 51 689
225 43 1628
226 71 1252
227 93 1473
228 22 1093
229 81 199
230 78 454
231 64 169
232 76 399
233 39 72
234 94 654
235 49 470
236 46 1248
237 68 1469
238 28 808
239 51 1471
240 62 693
241 36 793
242 71 193
243 57 74
244 81 310
245 73 1594
246 74 1074
247 66 1015
248 65 847
249 97 950
250 76 1078
251 22 837
252 55 318
253 74 432
254 62 644
255 90 1137
256 67 327
257 29 434
258 86 1346
259 21 1377
260 66 358
261 72 1287
262 73 1369
263 78 359
264 61 635
265 42 69
266 93 1301
267 68 1594
268 39 1093
269 55 171
270 79 879
271 71 521
272 22 1358
273 60 356
274 88 1084
275 40 83
276 31 441
277 44 146
278 58 981
279 44 1105
280 53 324
281 55 1516
282 50 1051
283 24 1047
284 71 189
285 74 1453
286 99 1036
287 87 550
288 72 837
289 27 915
290 90 227
291 68 1073
292 40 1195
293 76 1024
294 46 1213
295 61 192
296 24 699
297 48 1498
298 93 603
299 77 1124
300 89 651
301 21 543
302 58 383
303 81 360
304 86 1336
305 22 1257
306 40 247
307 97 645
308 75 1327
309 61 773
310 89 1366
311 50 1482
312 35 75
313 51 389
314 57 894
315 25 424
316 49 145
317 69 1064
318 57 1200
319 66 75
320 76 1466
321 43 1264
322 81 988
323 71 1446
324 77 996
325 77 1336
326 35 474
327 89 1115
328 54 1040
329 93 97
330 55 100
331 84 166
332 35 778
333 61 1185
334 55 1433
335 28 1021
336 88 690
337 83 1274
338 39 630
339 43 474
340 68 1620
341 98 814
342 41 606
343 42 131
344 87 311
345 99 1169
346 83 146
347 34 362
348 73 842
349 71 1373
350 54 164
351 69 423
352 26 1226
353 87 975
354 87 984
355 96 669
356 84 545
357 75 94
358 61 713
359 74 363
360 70 1159
361 72 1237
362 24 507
363 27 1049
364 58 304
365 96 1324
366 63 112
367 70 1204
368 25 1566
369 28 551
370 79 1312
371 43 616
372 59 1129
373 48 498
374 94 448
375 28 1384
376 66 419
377 81 1597
378 77 768
379 83 963
380 46 200
381 86 1307
382 72 1139
383 88 225
384 54 422
385 41 869
386 49 412
387 84 327
388 79 653
389 89 1029
390 36 146
391 25 790
392 73 768
393 93 1380
394 51 639
395 90 1610
396 90 188
397 71 765
398 55 593
399 57 380
400 51 1418
401 63 773
402 23 1266
403 97 138
404 30 936
405 77 1361
406 74 763
407 60 1445
408 70 484
409 71 1450
410 75 1415
411 24 76
412 59 750
413 29 1475
414 56 1614
415 31 1356
416 30 576
417 39 425
418 29 544
419 62 778
420 63 279
421 73 892
422 22 1086
423 67 1037
424 66 842
425 25 118
426 88 749
427 25 1291
428 79 922
429 58 125
430 44 1621
431 38 239
432 21 28
433 70 1343
434 21 187
435 45 1487
436 91 1179
437 37 703
438 88 745
439 75 844
440 54 1246
441 56 282
442 31 1385
443 86 1290
444 30 539
445 53 225
446 45 53
447 53 314
448 66 572
449 34 144
450 69 1201
451 49 395
452 80 609
453 23 1355
454 81 96
455 58 1164
456 84 418
457 93 977
458 74 409
459 86 101
460 33 80
461 77 1015
462 63 919
463 56 534
464 66 268
465 29 517
466 96 1328
467 28 823
468 48 370
469 84 348
470 55 1456
471 44 1234
472 79 1200
473 21 1485
474 86 1514
475 28 289
476 90 236
477 43 502
478 62 935
479 40 232
480 40 685
481 79 1565
482 95 658
483 81 777
484 37 1513
485 34 795
486 79 468
487 91 604
488 33 1624
489 20 1243
490 56 1150
491 83 1481
492 97 788
493 73 547
494 54 290
495 51 1342
496 71 1336
497 89 1619
498 43 631
499 64 1466
500 47 353
501 82 1090
502 83 1267
503 58 806
504 37 1228
505 53 953
506 39 1394
507 52 1579
508 49 225
509 87 1340
510 69 77
511 70 502
512 29 1142
513 74 1038
514 85 286
515 82 1000
516 38 392
517 40 152
518 37 321
519 40 1438
520 61 668
521 21 572
522 74 124
523 62 781
524 64 1487
525 38 337
526 55 708
527 74 326
528 20 1555
529 47 751
530 80 1132
531 90 691
532 55 397
533 78 1578
534 54 1441
535 48 382
536 74 882
537 40 961
538 37 837
539 82 811
540 94 875
541 22 734
542 56 852
543 29 909
544 55 1368
545 85 1197
546 66 108
547 77 113
548 21 42
549 70 932
550 67 1599
551 98 356
552 66 655
553 66 380
554 43 419
555 55 237
556 70 131
557 20 719
558 85 626
559 95 1572
560 73 816
561 43 321
562 20 547
563 80 339
564 59 1258
565 47 1238
566 42 1208
567 89 461
568 92 809
569 48 127
570 39 1480
571 88 1034
572 97 195
573 32 159
574 60 1146
575 26 593
576 99 669
577 62 1142
578 51 495
579 47 1434
580 63 845
581 52 525
582 73 1587
583 40 968
584 78 512
585 59 817
586 40 1199
587 57 1358
588 47 1142
589 67 1105
590 44 1431
591 89 857
592 91 1261
593 30 946
594 55 620
595 47 360
596 98 426
597 83 524
598 78 520
599 80 733
600 35 772
601 59 514
602 99 1431
603 48 71
604 66 454
605 71 290
606 79 492
607 62 1105
608 20 1157
609 99 779
610 97 1483
611 26 972
612 63 1512
613 58 1298
614 58 1555
615 71 757
616 66 285
617 81 267
618 59 882
619 42 571
620 24 59
621 48 213
622 85 1197
623 74 527
624 36 1248
625 54 629
626 92 805
627 46 109
628 79 584
629 75 191
630 51 1553
631 67 1217
632 34 1220
633 70 650
634 32 1548
635 26 981
636 50 421
637 53 675
638 78 567
639 89 1102
640 27 228
641 33 1467
642 71 1143
643 52 788
644 29 1038
645 50 676
646 97 1421
647 77 729
648 82 1415
649 28 1140
650 84 410
651 40 489
652 40 1149
653 59 637
654 68 936
655 75 355
656 91 265
657 83 737
658 60 604
659 85 1044
660 73 428
661 40 618
662 90 643
663 91 584
664 90 1328
665 41 74
666 24 125
667 53 463
668 26 905
669 68 1357
670 22 1341
671 24 325
672 77 860
673 37 1300
674 77 457
675 33 178
676 88 733
677 28 535
678 89 214
679 93 716
680 37 82
681 61 606
682 20 1035
683 97 552
684 39 1457
685 69 670
686 65 76
687 36 268
688 96 141
689 28 449
690 71 893
691 41 688
692 96 1176
693 98 887
694 30 1350
695 94 481
696 72 1469
697 54 1356
698 64 868
699 46 513
700 25 707
701 32 413
702 29 501
703 75 959
704 98 1465
705 84 260
706 92 699
707 38 309
708 68 271
709 64 1407
710 46 188
711 89 117
712 99 1550
713 61 1005
714 97 1327
715 27 1332
716 82 148
717 41 1026
718 82 944
719 60 621
720 29 1447
721 40 796
722 94 1459
723 28 378
724 28 1220
725 81 1310
726 23 607
727 70 655
728 74 763
729 27 131
730 95 846
731 52 204
732 32 310
733 44 1304
734 83 1573
735 20 187
736 25 1174
737 68 687
738 47 186
739 28 55
740 26 527
741 79 902
742 39 1010
743 98 1500
744 21 1204
745 41 316
746 38 1442
747 48 696
748 20 107
749 51 65
750 55 1585
